name,year,open,closed,publisher,other_platform,publisher_only,both,other_platform_only
Antigua and Barbuda,2018,758,550,638,548,210,428,120
United Arab Emirates,2017,1486,2497,1112,1050,436,676,374
Albania,2011,32,74,23,18,14,9,9
Benin,2008,198,216,134,153,45,89,64
Burundi,2011,3,5,3,3,0,3,0
Belize,2013,1,0,0,1,0,0,1
Brunei,2005,5,19,2,3,2,0,3
Argentina,2017,7388,4819,5550,6186,1202,4348,1838
Bhutan,2021,53,20,48,9,44,4,5
Bolivia,2018,144,76,129,84,60,69,15
Belarus,2009,103,614,51,76,27,24,52
Bosnia and Herzegovina,2012,224,251,164,172,52,112,60
Bolivia,2021,183,63,163,88,95,68,20
The Bahamas,2010,5,11,5,2,3,2,0
Armenia,2005,86,215,28,76,10,18,58
Brazil,2004,12270,9452,11060,9013,3257,7803,1210
Bosnia and Herzegovina,2019,693,543,586,363,330,256,107
Bulgaria,2019,2177,2174,1806,1163,1014,792,371
Canada,2005,12675,33405,8730,7114,5561,3169,3945
Australia,2020,59789,56316,42047,48076,11713,30334,17742
Antigua and Barbuda,2002,1,11,1,1,0,1,0
Bolivia,2012,39,45,35,23,16,19,4
Bangladesh,2016,3313,2320,3045,1632,1681,1364,268
Belgium,2020,21882,10296,14186,19282,2600,11586,7696
Armenia,2019,454,455,393,358,96,297,61
Botswana,2010,52,157,44,23,29,15,8
Bolivia,2004,9,15,7,6,3,4,2
Armenia,2006,95,240,32,86,9,23,63
Åland,2016,0,1,0,0,0,0,0
The Bahamas,2009,7,5,5,2,5,0,2
Burkina Faso,2008,11,34,9,8,3,6,2
Chile,2008,2496,2105,2092,1695,801,1291,404
Burundi,2002,1,1,0,1,0,0,1
Burkina Faso,2020,84,40,73,55,29,44,11
Chile,2015,6106,3913,5037,4931,1175,3862,1069
Angola,2005,2,3,1,2,0,1,1
Burkina Faso,2021,75,28,66,62,13,53,9
Botswana,2008,22,166,14,12,10,4,8
Bahrain,2001,6,51,5,3,3,2,1
Angola,2014,9,9,8,7,2,6,1
The Bahamas,2019,16,17,12,11,5,7,4
Belize,2020,8,5,7,6,2,5,1
Switzerland,2009,10544,13678,4541,9007,1537,3004,6003
The Bahamas,2017,18,25,14,9,9,5,4
Azerbaijan,2019,349,478,307,200,149,158,42
Antigua and Barbuda,2001,2,7,1,2,0,1,1
Angola,2018,21,9,18,15,6,12,3
Bahrain,2005,20,72,16,9,11,5,4
Switzerland,2010,12184,14949,5738,10505,1679,4059,6446
United Arab Emirates,2005,80,468,54,44,36,18,26
Brazil,2011,31567,18821,28841,21737,9830,19011,2726
Bolivia,2011,38,42,32,20,18,14,6
Bermuda,2010,14,36,10,12,2,8,4
Austria,2008,3072,7998,1847,2130,942,905,1225
Chile,2000,833,1047,734,247,586,148,99
Albania,2005,5,7,4,4,1,3,1
Burkina Faso,2002,3,12,3,0,3,0,0
Bangladesh,2012,1677,1489,1549,709,968,581,128
Austria,2009,3769,9055,2206,2743,1026,1180,1563
Chile,2020,10041,5168,8420,6548,3493,4927,1621
Bulgaria,2005,264,1011,162,157,107,55,102
Bangladesh,2013,2253,1574,2077,950,1303,774,176
Argentina,2004,1074,2332,702,764,310,392,372
Angola,2012,8,9,6,6,2,4,2
Aruba,2017,1,1,1,1,0,1,0
Azerbaijan,2009,30,348,22,16,14,8,8
Azerbaijan,2018,338,422,320,178,160,160,18
Canada,2006,14118,39686,9264,8207,5911,3353,4854
Antigua and Barbuda,2005,3,12,2,3,0,2,1
Bulgaria,2003,209,1010,140,109,100,40,69
Afghanistan,2012,8,4,7,1,7,0,1
Bolivia,2000,3,11,3,1,2,1,0
Belgium,2015,13947,12368,8141,11922,2025,6116,5806
Belize,2014,0,2,0,0,0,0,0
Bahrain,2004,13,81,8,9,4,4,5
The Bahamas,2012,6,10,6,4,2,4,0
Azerbaijan,2010,64,324,50,45,19,31,14
Albania,2001,2,11,2,2,0,2,0
Bahrain,2020,338,525,300,211,127,173,38
Albania,2017,134,136,94,76,58,36,40
Belarus,2016,447,748,336,296,151,185,111
Afghanistan,2015,5,2,5,4,1,4,0
Benin,2000,36,76,22,22,14,8,14
The Bahamas,2021,30,23,25,14,16,9,5
Brunei,2018,143,255,123,79,64,59,20
Bangladesh,2006,156,539,107,84,72,35,49
Bahrain,2010,37,140,26,19,18,8,11
Antigua and Barbuda,2013,108,96,94,75,33,61,14
Afghanistan,2014,6,7,4,6,0,4,2
Bolivia,2019,153,81,137,86,67,70,16
Afghanistan,2010,1,7,1,0,1,0,0
Austria,2006,2221,6733,1293,1399,822,471,928
Bahrain,2009,37,121,28,32,5,23,9
Bahrain,2016,123,168,106,86,37,69,17
Belgium,2005,3722,7882,2020,2577,1145,875,1702
Argentina,2005,1326,2430,909,974,352,557,417
Bulgaria,2010,644,1467,473,313,331,142,171
Australia,2001,4716,18455,3145,2440,2276,869,1571
Afghanistan,2018,34,19,33,28,6,27,1
Antigua and Barbuda,2016,256,157,222,176,80,142,34
Switzerland,2002,3571,8109,1690,2566,1005,685,1881
Bermuda,2020,33,6,26,26,7,19,7
Armenia,2011,146,295,81,126,20,61,65
Bolivia,2013,72,47,56,54,18,38,16
Bangladesh,2009,489,944,411,289,200,211,78
Albania,2003,0,9,0,0,0,0,0
Brunei,2004,0,31,0,0,0,0,0
Benin,2007,139,217,81,116,23,58,58
Benin,2021,396,101,305,356,40,265,91
Bolivia,2016,106,116,90,68,38,52,16
Bulgaria,2009,551,1410,382,282,269,113,169
United Arab Emirates,2003,36,344,28,12,24,4,8
Australia,2015,37046,50759,24110,29145,7901,16209,12936
Belgium,2012,9740,12548,5490,7955,1785,3705,4250
Belgium,2007,4857,9470,2559,3547,1310,1249,2298
Bulgaria,2013,786,1536,624,472,314,310,162
Belarus,2003,46,696,19,30,16,3,27
Bhutan,2008,0,2,0,0,0,0,0
Austria,2001,1127,4682,733,626,501,232,394
Bangladesh,2015,2740,2081,2545,1316,1424,1121,195
Belize,2007,0,2,0,0,0,0,0
Canada,2008,18326,46251,11614,11950,6376,5238,6712
Bangladesh,2021,5768,4679,5181,3306,2462,2719,587
Australia,2003,6436,20752,4009,3732,2704,1305,2427
Brazil,2013,40360,22147,36919,26964,13396,23523,3441
Australia,2006,10665,28764,5777,7038,3627,2150,4888
Austria,2015,8761,10551,6363,6949,1812,4551,2398
Benin,2003,92,148,61,57,35,26,31
Azerbaijan,2017,212,376,183,124,88,95,29
Brazil,2002,9126,7324,8275,6318,2808,5467,851
Botswana,2018,251,294,208,163,88,120,43
Bolivia,2006,27,28,22,12,15,7,5
The Bahamas,2006,1,4,1,0,1,0,0
Albania,2004,4,8,1,4,0,1,3
Bermuda,2004,5,25,3,2,3,0,2
Belgium,2002,2396,6224,1461,1490,906,555,935
Angola,2011,8,4,7,7,1,6,1
Bosnia and Herzegovina,2009,75,130,66,55,20,46,9
Switzerland,2013,16994,16781,9611,14716,2278,7333,7383
Afghanistan,2019,45,25,40,23,22,18,5
Armenia,2017,358,329,296,299,59,237,62
Burkina Faso,2004,4,28,4,1,3,1,0
Armenia,2008,117,323,48,102,15,33,69
Belarus,2001,37,647,20,19,18,2,17
Switzerland,2003,4212,8954,1933,3158,1054,879,2279
Australia,2012,24134,44188,15135,18436,5698,9437,8999
Azerbaijan,2003,18,145,7,14,4,3,11
Australia,2004,7368,22301,4560,4349,3019,1541,2808
Argentina,2009,2252,3670,1539,1731,521,1018,713
Botswana,2012,91,166,79,57,34,45,12
Antigua and Barbuda,2011,41,67,33,33,8,25,8
Aruba,2018,1,0,1,1,0,1,0
Benin,2006,134,209,87,92,42,45,47
Armenia,2009,117,277,56,95,22,34,61
Botswana,2011,83,166,71,47,36,35,12
Switzerland,2017,24130,16172,15896,20342,3788,12108,8234
United Arab Emirates,2008,148,747,95,92,56,39,53
Bermuda,2003,4,21,3,1,3,0,1
Burundi,2007,3,4,2,1,2,0,1
Aruba,2016,0,1,0,0,0,0,0
Bolivia,2007,31,36,23,15,16,7,8
Bhutan,2007,0,1,0,0,0,0,0
Bulgaria,2020,2556,2284,2167,1322,1234,933,389
Belize,2018,7,7,6,3,4,2,1
Belgium,2010,7751,13500,3990,6215,1536,2454,3761
Bosnia and Herzegovina,2016,417,341,306,323,94,212,111
Canada,2018,48321,55012,35931,35543,12778,23153,12390
Albania,2021,247,153,226,122,125,101,21
Angola,2003,0,1,0,0,0,0,0
Bermuda,2001,1,8,0,1,0,0,1
Switzerland,2006,6693,11332,2747,5416,1277,1470,3946
Bulgaria,2018,1893,1760,1601,1065,828,773,292
United Arab Emirates,2006,105,590,68,59,46,22,37
Brazil,2018,71500,32807,64827,41544,29956,34871,6673
The Bahamas,2013,22,12,21,18,4,17,1
Bangladesh,2008,349,756,268,201,148,120,81
Burkina Faso,2017,52,32,44,44,8,36,8
Åland,2018,2,1,2,0,2,0,0
Brazil,2021,69800,38933,64088,23680,46120,17968,5712
Brunei,2014,79,127,67,55,24,43,12
The Bahamas,2007,6,7,5,2,4,1,1
Australia,2002,5414,19259,3463,2970,2444,1019,1951
Belize,2010,2,2,1,1,1,0,1
Bermuda,2019,23,10,18,16,7,11,5
Bhutan,2014,2,14,2,2,0,2,0
Bulgaria,2016,1605,1641,1319,841,764,555,286
Belgium,2006,4214,8888,2262,2943,1271,991,1952
Bosnia and Herzegovina,2004,47,18,45,41,6,39,2
United Arab Emirates,2019,2434,4089,1803,1716,718,1085,631
Benin,2015,378,242,293,324,54,239,85
Belgium,2013,10847,13131,6178,8915,1932,4246,4669
Albania,2008,8,25,4,7,1,3,4
Bosnia and Herzegovina,2011,115,179,95,82,33,62,20
Bhutan,2018,9,14,7,3,6,1,2
Austria,2020,17393,9045,14151,13289,4104,10047,3242
Åland,2019,4,2,3,2,2,1,1
Bermuda,2013,23,42,15,17,6,9,8
Albania,2012,65,95,55,22,43,12,10
Belize,2021,8,9,7,5,3,4,1
United Arab Emirates,2011,368,1126,281,229,139,142,87
Brunei,2003,3,25,0,3,0,0,3
The Bahamas,2015,14,13,9,10,4,5,5
Australia,2005,8663,24675,4984,5544,3119,1865,3679
Bahrain,2012,55,127,49,31,24,25,6
Azerbaijan,2020,435,567,378,184,251,127,57
Burundi,2019,23,12,22,10,13,9,1
Åland,2013,1,0,0,1,0,0,1
Switzerland,2015,20632,16807,12783,17837,2795,9988,7849
Argentina,2020,10398,5507,8149,7760,2638,5511,2249
Belize,2015,3,2,2,3,0,2,1
Belarus,2014,310,730,231,247,63,168,79
Benin,2004,84,152,64,52,32,32,20
Burkina Faso,2016,96,53,83,78,18,65,13
Benin,2012,320,238,250,268,52,198,70
Antigua and Barbuda,2008,12,25,10,4,8,2,2
Bahrain,2011,60,131,43,32,28,15,17
Armenia,2000,42,168,11,34,8,3,31
Burkina Faso,2011,29,65,24,15,14,10,5
Belarus,2015,375,700,291,267,108,183,84
Switzerland,2011,13320,15196,6946,11432,1888,5058,6374
Bhutan,2009,0,1,0,0,0,0,0
Australia,2017,44871,50098,28652,36329,8542,20110,16219
Bermuda,2007,8,39,4,5,3,1,4
Benin,2017,349,174,282,304,45,237,67
Benin,2020,394,114,301,348,46,255,93
Botswana,2009,28,153,20,13,15,5,8
Aruba,2019,0,6,0,0,0,0,0
Bangladesh,2020,5271,4531,4618,2713,2558,2060,653
Armenia,2007,108,318,32,97,11,21,76
Brazil,2006,16349,12330,14748,11559,4790,9958,1601
Bulgaria,2017,1635,1769,1320,977,658,662,315
Åland,2021,1,2,1,0,1,0,0
Australia,2009,15456,37203,8416,11219,4237,4179,7040
Switzerland,2018,25828,15562,16718,22002,3826,12892,9110
Benin,2001,57,103,46,26,31,15,11
Canada,2014,35039,55731,25259,25450,9589,15670,9780
Bosnia and Herzegovina,2002,9,33,8,1,8,0,1
Belarus,2006,84,780,39,56,28,11,45
Bosnia and Herzegovina,2007,59,108,57,48,11,46,2
Burkina Faso,2005,8,31,4,6,2,2,4
Austria,2002,1244,4762,826,638,606,220,418
Austria,2010,4489,9898,2771,3324,1165,1606,1718
Canada,2015,37906,55455,27959,27311,10595,17364,9947
Brazil,2019,75560,35753,69865,37039,38521,31344,5695
Afghanistan,2008,0,3,0,0,0,0,0
Botswana,2013,125,137,118,76,49,69,7
Bosnia and Herzegovina,2010,92,136,73,75,17,56,19
United Arab Emirates,2001,35,258,31,8,27,4,4
United Arab Emirates,2014,680,1479,524,470,210,314,156
Argentina,2001,820,1986,508,534,286,222,312
Albania,2019,126,118,104,73,53,51,22
Afghanistan,2020,100,51,96,34,66,30,4
Antigua and Barbuda,2009,32,48,27,20,12,15,5
Botswana,2019,253,284,215,143,110,105,38
Armenia,2010,120,336,64,97,23,41,56
Angola,2009,3,6,2,3,0,2,1
Austria,2004,1666,5678,1054,928,738,316,612
Bermuda,2012,20,23,18,14,6,12,2
Bermuda,2006,2,28,1,1,1,0,1
Belgium,2011,8613,11810,4687,6994,1619,3068,3926
Azerbaijan,2013,140,332,120,109,31,89,20
Chile,2021,8564,5021,7259,5688,2876,4383,1305
Antigua and Barbuda,2017,375,269,328,264,111,217,47
Austria,2019,14157,9716,11162,10908,3249,7913,2995
Bermuda,2017,25,8,19,23,2,17,6
Bulgaria,2012,835,1549,675,480,355,320,160
Bhutan,2010,0,2,0,0,0,0,0
Switzerland,2019,27939,15195,18526,24005,3934,14592,9413
Bermuda,2016,21,16,19,17,4,15,2
Brunei,2013,45,82,38,29,16,22,7
Bulgaria,2000,166,975,106,80,86,20,60
Bahrain,2019,241,428,202,151,90,112,39
Belarus,2021,867,828,754,413,454,300,113
United Arab Emirates,2018,1814,3448,1344,1295,519,825,470
Botswana,2015,146,157,123,89,57,66,23
Switzerland,2000,3244,7799,1481,2285,959,522,1763
United Arab Emirates,2007,123,696,73,83,40,33,50
Bosnia and Herzegovina,2001,5,18,5,0,5,0,0
Botswana,2014,163,162,143,113,50,93,20
Brazil,2009,24957,16997,22823,17663,7294,15529,2134
Austria,2014,7779,10601,5573,6182,1597,3976,2206
Argentina,2002,917,2178,590,637,280,310,327
Brazil,2012,36756,20547,33727,25100,11656,22071,3029
Bulgaria,2004,271,1051,180,142,129,51,91
Bolivia,2010,35,42,23,20,15,8,12
Canada,2013,32113,55474,22734,23184,8929,13805,9379
Austria,2005,1922,5966,1135,1198,724,411,787
Argentina,2010,2513,4101,1745,1936,577,1168,768
Azerbaijan,2015,200,297,179,149,51,128,21
Canada,2001,7437,23328,5476,3360,4077,1399,1961
United Arab Emirates,2020,3656,4659,2972,2471,1185,1787,684
Armenia,2018,400,345,347,328,72,275,53
Switzerland,2012,15375,15965,8511,13171,2204,6307,6864
The Bahamas,2011,10,6,10,7,3,7,0
Austria,2013,7102,10614,4951,5644,1458,3493,2151
Burundi,2018,13,12,12,10,3,9,1
Belarus,2013,263,732,209,219,44,165,54
Brunei,2010,21,34,15,14,7,8,6
Burundi,2000,1,0,1,0,1,0,0
Bhutan,2016,10,11,5,7,3,2,5
Chile,2019,8238,4906,6757,6163,2075,4682,1481
Aruba,2011,0,1,0,0,0,0,0
Armenia,2003,75,204,23,62,13,10,52
Belize,2008,1,0,1,0,1,0,0
Antigua and Barbuda,2021,1730,1428,1485,1245,485,1000,245
Burundi,2006,1,1,0,1,0,0,1
Brunei,2008,23,31,17,12,11,6,6
Bolivia,2015,85,61,70,45,40,30,15
Belarus,2005,69,703,29,50,19,10,40
Botswana,2001,10,79,9,2,8,1,1
Belarus,2008,81,635,32,58,23,9,49
Canada,2007,15842,42427,10281,9505,6337,3944,5561
Armenia,2020,476,435,396,348,128,268,80
Botswana,2000,11,93,9,2,9,0,2
Brunei,2015,104,224,83,73,31,52,21
Brazil,2001,7522,6576,6832,5060,2462,4370,690
Benin,2005,96,160,65,67,29,36,31
Burkina Faso,2014,80,55,66,65,15,51,14
Albania,2016,173,97,134,81,92,42,39
Bahrain,2014,101,149,73,67,34,39,28
Albania,2007,3,14,3,0,3,0,0
Armenia,2015,332,345,275,287,45,230,57
United Arab Emirates,2015,918,1818,683,630,288,395,235
Botswana,2017,225,228,183,133,92,91,42
Canada,2016,41283,55613,30317,29562,11721,18596,10966
Brazil,2000,6597,5930,5957,4248,2349,3608,640
Belarus,2012,322,698,267,277,45,222,55
Belarus,2020,1007,1013,873,476,531,342,134
Chile,2011,3989,2721,3386,2955,1034,2352,603
Armenia,2002,61,188,20,51,10,10,41
Bahrain,2015,117,152,78,83,34,44,39
Chile,2017,7281,4249,5952,5661,1620,4332,1329
Bermuda,2002,10,23,5,6,4,1,5
Brunei,2017,135,223,105,81,54,51,30
Benin,2010,240,194,175,192,48,127,65
Argentina,2003,989,2121,672,668,321,351,317
Bermuda,2015,23,19,18,18,5,13,5
Angola,2020,17,9,16,8,9,7,1
United Arab Emirates,2016,1097,2103,798,766,331,467,299
Antigua and Barbuda,2012,83,88,72,58,25,47,11
Benin,2014,365,262,285,306,59,226,80
The Bahamas,2005,1,2,0,1,0,0,1
Bolivia,2014,54,43,45,29,25,20,9
Åland,2014,1,1,0,1,0,0,1
Bolivia,2009,30,37,24,9,21,3,6
Burkina Faso,2012,67,64,54,47,20,34,13
Burkina Faso,2006,17,29,13,8,9,4,4
Bahrain,2021,402,506,377,256,146,231,25
Bangladesh,2011,661,1096,535,444,217,318,126
The Bahamas,2002,0,4,0,0,0,0,0
Aruba,2021,1,3,1,1,0,1,0
Brunei,2006,7,25,3,4,3,0,4
The Bahamas,2003,0,1,0,0,0,0,0
Burkina Faso,2007,14,32,11,8,6,5,3
The Bahamas,2018,20,23,16,14,6,10,4
Albania,2015,148,110,117,89,59,58,31
Switzerland,2007,7647,12181,3286,6253,1394,1892,4361
Albania,2018,149,181,123,73,76,47,26
Afghanistan,2017,12,20,11,10,2,9,1
Argentina,2014,4986,4386,3703,4180,806,2897,1283
Chile,2013,4542,2979,3815,3545,997,2818,727
The Bahamas,2001,1,3,0,1,0,0,1
Åland,2015,3,4,3,1,2,1,0
Bhutan,2015,2,9,0,2,0,0,2
Brazil,2007,19061,14026,17269,13946,5115,12154,1792
Bhutan,2012,3,1,2,2,1,1,1
Chile,2018,8006,4461,6514,6080,1926,4588,1492
Bosnia and Herzegovina,2020,837,579,722,408,429,293,115
Azerbaijan,2016,249,426,220,162,87,133,29
Burkina Faso,2003,6,19,6,4,2,4,0
Belize,2017,2,3,1,2,0,1,1
Belgium,2008,5614,9834,2918,4286,1328,1590,2696
Angola,2019,20,10,19,13,7,12,1
Bangladesh,2005,112,363,68,71,41,27,44
Austria,2000,986,4228,618,521,465,153,368
Armenia,2012,193,308,126,141,52,74,67
Canada,2012,28487,53509,19765,20320,8167,11598,8722
Burkina Faso,2018,67,27,54,55,12,42,13
Bermuda,2008,15,49,6,10,5,1,9
Benin,2018,359,177,263,323,36,227,96
Burundi,2015,8,10,5,6,2,3,3
Aruba,2014,0,3,0,0,0,0,0
Bhutan,2005,0,1,0,0,0,0,0
Bahrain,2018,177,288,148,108,69,79,29
The Bahamas,2008,59,8,57,5,54,3,2
Åland,2017,0,1,0,0,0,0,0
Burundi,2020,45,19,39,28,17,22,6
Bulgaria,2015,1131,1337,908,691,440,468,223
Botswana,2006,31,149,25,12,19,6,6
Argentina,2018,8063,4978,6089,6598,1465,4624,1974
Albania,2010,29,57,16,20,9,7,13
Angola,2004,2,5,2,1,1,1,0
Botswana,2016,192,211,168,116,76,92,24
Chile,2010,3279,2444,2661,2384,895,1766,618
Azerbaijan,2008,24,241,12,15,9,3,12
Belarus,2007,77,795,30,53,24,6,47
Brunei,2009,13,56,10,7,6,4,3
Argentina,2007,1597,3022,1039,1171,426,613,558
Burundi,2016,4,8,3,3,1,2,1
Burundi,2001,1,4,0,1,0,0,1
Burundi,2003,0,3,0,0,0,0,0
Chile,2009,2929,2348,2436,2029,900,1536,493
Bahrain,2013,93,181,78,55,38,40,15
Afghanistan,2009,3,10,3,1,2,1,0
Bermuda,2005,6,12,5,4,2,3,1
Belarus,2019,1003,909,859,493,510,349,144
Azerbaijan,2000,7,91,5,3,4,1,2
Australia,2000,4272,17691,2934,2051,2221,713,1338
Brunei,2020,236,327,210,130,106,104,26
Botswana,2007,26,149,18,17,9,9,8
Switzerland,2001,3353,8035,1679,2371,982,697,1674
Canada,2011,25518,52081,17317,17554,7964,9353,8201
Benin,2011,268,232,200,229,39,161,68
Belize,2001,1,0,1,0,1,0,0
Antigua and Barbuda,2006,10,6,10,1,9,1,0
Bulgaria,2014,1028,1460,825,647,381,444,203
Belgium,2001,2223,6103,1304,1373,850,454,919
Antigua and Barbuda,2004,4,17,2,2,2,0,2
Burundi,2008,0,3,0,0,0,0,0
Åland,2012,0,2,0,0,0,0,0
Belarus,2010,144,678,82,114,30,52,62
Azerbaijan,2002,16,81,3,14,2,1,13
Brazil,2008,21998,15360,19948,16349,5649,14299,2050
Albania,2002,3,9,2,3,0,2,1
Burundi,2009,2,4,1,1,1,0,1
Albania,2000,0,11,0,0,0,0,0
Brunei,2000,8,20,8,2,6,2,0
Benin,2002,58,117,48,34,24,24,10
Burkina Faso,2019,76,33,64,55,21,43,12
Burundi,2010,3,7,3,2,1,2,0
Azerbaijan,2004,17,145,7,11,6,1,10
Belarus,2017,446,795,347,266,180,167,99
Azerbaijan,2001,4,87,1,3,1,0,3
Belgium,2004,3237,7340,1891,2126,1111,780,1346
Bolivia,2008,23,23,12,18,5,7,11
Albania,2006,3,13,2,2,1,1,1
Åland,2011,1,1,0,1,0,0,1
Bhutan,2020,22,22,19,7,15,4,3
Antigua and Barbuda,2014,115,87,91,90,25,66,24
Antigua and Barbuda,2007,11,22,10,3,8,2,1
Bulgaria,2021,2540,2047,2241,1499,1041,1200,299
Argentina,2015,5711,4575,4286,4740,971,3315,1425
Bermuda,2014,16,21,11,12,4,7,5
Bhutan,2019,5,19,5,2,3,2,0
Bahrain,2000,7,47,7,0,7,0,0
Belgium,2019,18787,10465,11427,16434,2353,9074,7360
Bosnia and Herzegovina,2003,38,25,37,27,11,26,1
Bermuda,2011,9,33,7,5,4,3,2
Brunei,2019,166,265,145,81,85,60,21
Benin,2019,394,119,301,360,34,267,93
Switzerland,2004,4970,9222,2227,3857,1113,1114,2743
Argentina,2021,7819,5557,6320,5485,2334,3986,1499
Chile,2012,4298,2800,3621,3343,955,2666,677
Switzerland,2021,34014,11905,26318,29239,4775,21543,7696
Brazil,2020,91263,40297,84678,29876,61387,23291,6585
Angola,2000,0,3,0,0,0,0,0
Bulgaria,2007,381,1302,237,222,159,78,144
Belize,2005,0,2,0,0,0,0,0
Brunei,2007,11,38,8,7,4,4,3
Antigua and Barbuda,2015,153,118,130,98,55,75,23
Canada,2009,21494,49194,13843,14150,7344,6499,7651
Bolivia,2005,12,15,8,7,5,3,4
Åland,2020,3,0,2,3,0,2,1
Brazil,2010,28819,17541,26516,19838,8981,17535,2303
Bulgaria,2006,303,1164,178,185,118,60,125
Australia,2019,53163,53598,35089,42535,10628,24461,18074
Bahrain,2002,6,32,6,0,6,0,0
Bangladesh,2002,77,223,54,40,37,17,23
Canada,2002,8279,24315,5989,3938,4341,1648,2290
Bangladesh,2017,3091,2610,2741,1674,1417,1324,350
Chile,2003,1416,1297,1224,640,776,448,192
Australia,2010,17395,40677,9865,12660,4735,5130,7530
Armenia,2014,257,327,195,210,47,148,62
Angola,2017,13,16,11,10,3,8,2
Bangladesh,2010,553,1121,445,349,204,241,108
Azerbaijan,2012,186,348,172,165,21,151,14
Brazil,2003,10586,7868,9680,7536,3050,6630,906
Belize,2019,8,3,5,7,1,4,3
Angola,2013,6,12,6,5,1,5,0
Bangladesh,2001,46,234,34,17,29,5,12
Bahrain,2006,27,96,20,11,16,4,7
Australia,2008,13530,32505,7250,9750,3780,3470,6280
Armenia,2001,55,185,18,47,8,10,37
Burundi,2012,5,7,5,3,2,3,0
Belarus,2011,198,658,141,167,31,110,57
Azerbaijan,2011,122,367,105,95,27,78,17
Belize,2006,0,3,0,0,0,0,0
Antigua and Barbuda,2020,1541,1294,1332,1053,488,844,209
Armenia,2004,65,178,15,60,5,10,50
Canada,2000,6724,22807,4834,3144,3580,1254,1890
Azerbaijan,2007,24,209,17,7,17,0,7
United Arab Emirates,2010,254,957,175,169,85,90,79
Botswana,2004,22,102,19,5,17,2,3
Bermuda,2018,20,9,14,17,3,11,6
Bulgaria,2002,191,937,119,109,82,37,72
Burkina Faso,2000,1,10,1,0,1,0,0
Bermuda,2021,19,8,17,15,4,13,2
United Arab Emirates,2000,35,188,31,6,29,2,4
Canada,2004,11068,29410,7881,5745,5323,2558,3187
The Bahamas,2020,28,19,21,14,14,7,7
Angola,2008,2,1,2,1,1,1,0
Botswana,2005,24,132,12,15,9,3,12
Botswana,2021,351,343,318,225,126,192,33
Bangladesh,2003,93,293,65,41,52,13,28
Belize,2016,5,5,5,3,2,3,0
Bahrain,2008,22,104,17,13,9,8,5
Brunei,2012,43,89,38,28,15,23,5
Switzerland,2020,33157,14473,23665,28674,4483,19182,9492
Burundi,2021,29,18,25,14,15,10,4
Belgium,2014,12090,13089,7173,10102,1988,5185,4917
Bosnia and Herzegovina,2014,359,297,272,258,101,171,87
United Arab Emirates,2004,57,395,50,26,31,19,7
Burundi,2014,0,6,0,0,0,0,0
Bulgaria,2008,463,2643,309,256,207,102,154
Brunei,2021,284,372,258,150,134,124,26
Antigua and Barbuda,2003,8,19,6,3,5,1,2
Chile,2016,6953,4111,5666,5501,1452,4214,1287
Angola,2010,3,7,3,2,1,2,0
Argentina,2013,4381,4164,3241,3644,737,2504,1140
Botswana,2002,10,109,6,4,6,0,4
Azerbaijan,2021,405,457,374,171,234,140,31
Bangladesh,2007,197,758,135,104,93,42,62
Albania,2013,266,87,251,217,49,202,15
Chile,2007,2269,1960,1902,1309,960,942,367
Canada,2021,59577,55217,47251,43375,16202,31049,12326
Chile,2004,1542,1473,1341,759,783,558,201
The Bahamas,2014,24,5,22,20,4,18,2
Austria,2007,2633,7395,1564,1716,917,647,1069
Switzerland,2005,5694,9575,2356,4506,1188,1168,3338
Bahrain,2017,148,213,127,98,50,77,21
Afghanistan,2011,1,5,1,1,0,1,0
Argentina,2012,3637,4337,2674,2875,762,1912,963
Bosnia and Herzegovina,2000,5,12,4,1,4,0,1
Afghanistan,2013,8,2,6,5,3,3,2
Bulgaria,2011,599,1619,439,375,224,215,160
Australia,2014,32934,49276,20648,26134,6800,13848,12286
Azerbaijan,2006,16,205,5,13,3,2,11
Belgium,2017,15986,11522,9536,13628,2358,7178,6450
Bosnia and Herzegovina,2005,46,35,45,35,11,34,1
Argentina,2000,760,1841,499,496,264,235,261
Austria,2017,11223,9917,8482,8868,2355,6127,2741
Brunei,2011,17,57,14,11,6,8,3
The Bahamas,2016,16,12,14,13,3,11,2
Brunei,2002,7,15,4,3,4,0,3
Argentina,2016,6435,4746,4889,5208,1227,3662,1546
Chile,2002,1261,1166,1111,458,803,308,150
Belarus,2018,626,813,520,326,300,220,106
Angola,2015,18,14,16,11,7,9,2
Afghanistan,2016,3,12,3,3,0,3,0
Bhutan,2017,9,8,6,3,6,0,3
Belize,2011,0,2,0,0,0,0,0
Belgium,2000,1846,5768,1116,1070,776,340,730
Bermuda,2000,1,5,1,0,1,0,0
Bosnia and Herzegovina,2017,562,418,440,401,161,279,122
Brazil,2005,14170,10571,12820,10114,4056,8764,1350
Australia,2013,29577,48806,18165,23214,6363,11802,11412
Canada,2020,60489,59984,46499,44479,16010,30489,13990
Burkina Faso,2009,29,51,23,21,8,15,6
United Arab Emirates,2002,41,265,30,18,23,7,11
Angola,2021,23,7,20,18,5,15,3
Burundi,2017,10,12,7,8,2,5,3
Antigua and Barbuda,2019,983,859,854,689,294,560,129
Chile,2001,1019,1025,900,332,687,213,119
Benin,2016,411,215,326,365,46,280,85
Bangladesh,2018,3366,3098,2958,1878,1488,1470,408
Albania,2014,184,95,160,141,43,117,24
Azerbaijan,2005,20,146,8,16,4,4,12
Burundi,2013,4,7,3,1,3,0,1
Bolivia,2001,7,15,5,5,2,3,2
Afghanistan,2006,0,1,0,0,0,0,0
Afghanistan,2007,0,2,0,0,0,0,0
Bolivia,2002,5,12,5,1,4,1,0
Argentina,2011,3157,4223,2358,2370,787,1571,799
Afghanistan,2021,204,46,195,109,95,100,9
Benin,2013,302,241,236,270,32,204,66
Antigua and Barbuda,2010,44,54,35,32,12,23,9
The Bahamas,2004,0,1,0,0,0,0,0
Switzerland,2008,9035,12143,3888,7619,1416,2472,5147
Bhutan,2013,1,8,1,0,1,0,0
Australia,2007,11521,30819,6001,7979,3542,2459,5520
Brazil,2015,52291,26075,47754,35452,16839,30915,4537
Bolivia,2020,167,74,156,92,75,81,11
Armenia,2013,197,338,123,150,47,76,74
Bulgaria,2001,188,934,114,107,81,33,74
United Arab Emirates,2009,195,857,133,114,81,52,62
United Arab Emirates,2021,4364,4295,3724,2935,1429,2295,640
United Arab Emirates,2013,500,1603,374,353,147,227,126
Botswana,2003,9,95,7,4,5,2,2
Switzerland,2014,18848,16644,11171,16129,2719,8452,7677
Antigua and Barbuda,2000,5,30,5,0,5,0,0
Chile,2005,1766,1514,1516,960,806,710,250
Argentina,2019,8525,5023,6542,6884,1641,4901,1983
Bangladesh,2014,2382,2061,2184,1111,1271,913,198
Austria,2021,17785,7647,14844,13464,4321,10523,2941
Belarus,2004,31,669,10,24,7,3,21
Bosnia and Herzegovina,2008,107,83,97,97,10,87,10
Chile,2006,2109,1785,1794,1183,926,868,315
Argentina,2006,1440,2787,945,1065,375,570,495
Armenia,2021,436,392,371,304,132,239,65
Bhutan,2006,1,1,1,0,1,0,0
Bhutan,2011,1,1,1,1,0,1,0
Bangladesh,2000,61,209,45,20,41,4,16
Belarus,2000,30,629,11,19,11,0,19
Bangladesh,2019,3352,3977,2925,1772,1580,1345,427
Austria,2011,5131,10210,3420,3907,1224,2196,1711
Belgium,2016,15075,12139,9009,12843,2232,6777,6066
Angola,2002,0,2,0,0,0,0,0
Bosnia and Herzegovina,2018,636,578,537,382,254,283,99
Austria,2012,6106,10205,4273,4734,1372,2901,1833
Azerbaijan,2014,159,287,137,115,44,93,22
Bahrain,2003,7,71,6,2,5,1,1
Bolivia,2017,127,60,122,65,62,60,5
Belize,2012,0,1,0,0,0,0,0
Bosnia and Herzegovina,2021,794,546,719,375,419,300,75
Chile,2014,5297,3352,4487,4124,1173,3314,810
The Bahamas,2000,0,1,0,0,0,0,0
Brazil,2017,64596,29764,58188,40735,23861,34327,6408
Angola,2016,15,8,11,13,2,9,4
Burkina Faso,2001,2,9,2,0,2,0,0
Austria,2003,1417,5301,907,781,636,271,510
Belarus,2002,45,668,30,21,24,6,15
Angola,2007,2,1,2,1,1,1,0
Canada,2003,9491,27069,6682,4837,4654,2028,2809
Australia,2016,42164,51130,27086,33533,8631,18455,15078
Argentina,2008,1841,3229,1219,1418,423,796,622
Albania,2009,13,21,10,9,4,6,3
Burkina Faso,2010,32,33,25,26,6,19,7
Burundi,2005,2,1,2,0,2,0,0
Belgium,2009,6486,11186,3428,5006,1480,1948,3058
Albania,2020,173,151,161,97,76,85,12
Bahrain,2007,26,114,15,20,6,9,11
Bosnia and Herzegovina,2006,47,62,44,45,2,42,3
Brazil,2014,44844,25693,41013,30782,14062,26951,3831
Bosnia and Herzegovina,2015,380,291,285,279,101,184,95
Bangladesh,2004,85,294,61,43,42,19,24
Canada,2010,23757,50957,15796,15787,7970,7826,7961
Bolivia,2003,8,18,8,3,5,3,0
Austria,2016,10777,10044,8186,8353,2424,5762,2591
Brazil,2016,57877,28208,51848,38120,19757,32091,6029
Australia,2018,48311,50747,30892,39249,9062,21830,17419
Armenia,2016,350,335,294,289,61,233,56
Benin,2009,235,217,169,187,48,121,66
Belgium,2021,20817,10083,14274,18382,2435,11839,6543
Belgium,2018,18177,10716,10865,15619,2558,8307,7312
Burundi,2004,2,2,1,1,1,0,1
Burkina Faso,2013,55,68,44,42,13,31,11
Belgium,2003,2864,6786,1684,1809,1055,629,1180
Angola,2006,0,1,0,0,0,0,0
Botswana,2020,339,332,273,217,122,151,66
Austria,2018,12869,9775,9977,10038,2831,7146,2892
Switzerland,2016,22709,16355,14982,18967,3742,11240,7727
Brunei,2001,4,25,1,3,1,0,3
Burkina Faso,2015,74,69,64,62,12,52,10
Bermuda,2009,19,57,8,16,3,5,11
Bosnia and Herzegovina,2013,279,286,224,184,95,129,55
Australia,2021,55617,55245,42318,43707,11910,30408,13299
Canada,2017,44149,53347,32477,32323,11826,20651,11672
Canada,2019,51938,56966,38563,37695,14243,24320,13375
Brunei,2016,113,261,94,65,48,46,19
Angola,2001,0,1,0,0,0,0,0
United Arab Emirates,2012,462,1216,346,295,167,179,116
Australia,2011,19748,41537,11861,14742,5006,6855,7887
Finland,2010,3678,8195,2214,2665,1013,1201,1464
Fiji,2016,77,171,61,55,22,39,16
Cabo Verde,2010,3,0,2,1,2,0,1
The Gambia,2014,6,3,5,3,3,2,1
The Gambia,2009,3,0,2,2,1,1,1
Georgia,2005,44,91,16,35,9,7,28
Estonia,2000,71,361,56,30,41,15,15
Gabon,2017,57,50,52,40,17,35,5
Guadeloupe,2017,83,52,51,73,10,41,32
Guyana,2002,0,2,0,0,0,0,0
Grenada,2016,130,156,97,91,39,58,33
United Kingdom,2000,16570,59176,11317,8935,7635,3682,5253
Costa Rica,2001,64,97,58,34,30,28,6
Greenland,2017,7,7,6,6,1,5,1
Costa Rica,2011,997,167,957,548,449,508,40
Micronesia,2007,0,3,0,0,0,0,0
Egypt,2010,1782,5237,1521,689,1093,428,261
Finland,2015,7048,9267,4664,5762,1286,3378,2384
Greece,2020,8651,9086,6872,6361,2290,4582,1779
Gibraltar,2021,1,0,1,1,0,1,0
France,2009,19470,32117,10104,15075,4395,5709,9366
Georgia,2012,313,219,268,285,28,240,45
Ethiopia,2018,2890,1457,2637,2283,607,2030,253
United Kingdom,2003,21652,60230,13886,12972,8680,5206,7766
Cabo Verde,2012,4,0,4,1,3,1,0
Dominican Republic,2012,21,11,16,20,1,15,5
Guadeloupe,2010,34,61,20,19,15,5,14
Gabon,2006,21,31,15,10,11,4,6
Ghana,2000,27,165,22,6,21,1,5
Republic of the Congo,2021,64,33,60,31,33,27,4
Cuba,2002,45,162,32,25,20,12,13
Cameroon,2013,211,220,181,159,52,129,30
Germany,2013,45529,76938,29593,35912,9617,19976,15936
China,2010,27011,187145,18918,16758,10253,8665,8093
Estonia,2007,260,943,178,145,115,63,82
Greenland,2015,5,4,4,4,1,3,1
Cameroon,2003,14,58,6,10,4,2,8
Guinea,2014,0,1,0,0,0,0,0
Gibraltar,2019,0,2,0,0,0,0,0
France,2003,8437,21135,5029,5446,2991,2038,3408
Republic of the Congo,2019,62,22,52,31,31,21,10
Finland,2007,2275,6924,1498,1353,922,576,777
Guinea-Bissau,2014,25,8,23,16,9,14,2
Gibraltar,2009,0,3,0,0,0,0,0
Cyprus,2000,69,128,24,50,19,5,45
Georgia,2010,130,140,67,110,20,47,63
Eritrea,2004,3,4,2,2,1,1,1
Cuba,2004,68,170,46,43,25,21,22
Costa Rica,2007,206,124,179,145,61,118,27
Germany,2019,78888,76642,57434,62155,16733,40701,21454
United Kingdom,2018,141866,58542,80454,126308,15558,64896,61412
France,2008,16502,29408,8283,12803,3699,4584,8219
Czech Republic,2001,575,2563,363,317,258,105,212
Dominican Republic,2011,18,5,16,13,5,11,2
Micronesia,2017,1,5,1,1,0,1,0
Denmark,2003,1680,4649,1141,884,796,345,539
Dominican Republic,2019,106,34,93,68,38,55,13
Guyana,2003,0,3,0,0,0,0,0
Guadeloupe,2004,13,14,11,5,8,3,2
Estonia,2009,440,1100,306,273,167,139,134
Spain,2011,21598,31400,13186,16981,4617,8569,8412
Gabon,2014,33,89,32,23,10,22,1
Costa Rica,2013,648,196,601,485,163,438,47
Ivory Coast,2001,1,0,0,1,0,0,1
Guinea,2021,3,0,2,3,0,2,1
Cabo Verde,2007,1,0,0,1,0,0,1
Democratic Republic of the Congo,2016,127,63,98,112,15,83,29
Cameroon,2005,28,109,16,21,7,9,12
Guinea-Bissau,2020,29,10,23,25,4,19,6
France,2014,31195,38433,18282,25516,5679,12603,12913
French Guiana,2016,0,1,0,0,0,0,0
Guyana,2009,1,3,1,1,0,1,0
Republic of the Congo,2006,1,12,0,1,0,0,1
Colombia,2002,403,575,324,214,189,135,79
Democratic Republic of the Congo,2001,0,6,0,0,0,0,0
Dominica,2020,0,1,0,0,0,0,0
Ecuador,2015,681,427,540,479,202,338,141
Georgia,2017,392,267,323,277,115,208,69
Eritrea,2007,1,10,0,1,0,0,1
Ethiopia,2003,159,447,108,77,82,26,51
Eritrea,2019,3,3,3,2,1,2,0
Grenada,2017,195,154,160,141,54,106,35
Ivory Coast,2012,10,13,9,7,3,6,1
Guinea,2015,1,0,1,1,0,1,0
Gabon,2011,44,90,41,34,10,31,3
France,2004,9545,22559,5432,6420,3125,2307,4113
Germany,2008,25863,58754,14951,18735,7128,7823,10912
Finland,2013,5391,9477,3639,4167,1224,2415,1752
Micronesia,2010,0,4,0,0,0,0,0
Democratic Republic of the Congo,2009,13,30,9,10,3,6,4
Fiji,2007,19,78,14,10,9,5,5
Greece,2011,3338,8370,2336,2317,1021,1315,1002
Guyana,2020,38,9,35,16,22,13,3
Guyana,2018,22,8,16,12,10,6,6
Fiji,2001,3,22,3,2,1,2,0
Egypt,2006,589,2551,477,194,395,82,112
Cameroon,2014,243,260,207,189,54,153,36
Gabon,2007,17,26,12,9,8,4,5
Germany,2011,36420,70716,22174,28247,8173,14001,14246
Fiji,2021,162,209,144,105,57,87,18
Ivory Coast,2014,50,66,39,36,14,25,11
Greece,2007,1819,7232,1094,1167,652,442,725
Guatemala,2008,16,24,15,8,8,7,1
Guinea-Bissau,2002,1,1,1,0,1,0,0
Guadeloupe,2002,5,15,4,3,2,2,1
Finland,2003,1526,5065,1088,755,771,317,438
The Gambia,2004,1,1,1,0,1,0,0
Ecuador,2017,1511,966,1324,1023,488,836,187
Algeria,2014,274,921,221,140,134,87,53
Spain,2014,32687,33900,22027,26417,6270,15757,10660
Ecuador,2016,966,686,819,710,256,563,147
Gibraltar,2011,3,5,2,3,0,2,1
Ecuador,2011,281,114,242,250,31,211,39
Ghana,2021,3101,2028,2852,1851,1250,1602,249
Colombia,2001,360,498,292,206,154,138,68
Faroe Islands,2007,1,3,0,1,0,0,1
Cuba,2010,144,228,114,92,52,62,30
Georgia,2013,291,214,241,244,47,194,50
Eritrea,2001,5,11,5,0,5,0,0
Guinea-Bissau,2017,24,8,23,20,4,19,1
Germany,2005,17679,47731,9996,11777,5902,4094,7683
Faroe Islands,2016,22,11,12,22,0,12,10
Republic of the Congo,2002,0,3,0,0,0,0,0
Micronesia,2014,1,1,1,1,0,1,0
Cyprus,2001,50,139,23,35,15,8,27
Faroe Islands,2006,0,3,0,0,0,0,0
Cayman Islands,2012,1,4,1,0,1,0,0
Finland,2018,11849,5677,6860,10445,1404,5456,4989
Eritrea,2005,4,11,3,4,0,3,1
Republic of the Congo,2015,9,17,8,7,2,6,1
Fiji,2019,157,219,118,108,49,69,39
Cyprus,2012,566,1010,349,453,113,236,217
Curaçao,2018,1,0,1,1,0,1,0
Republic of the Congo,2007,3,15,1,2,1,0,2
Ecuador,2007,107,65,66,92,15,51,41
Ghana,2018,1703,1402,1474,1199,504,970,229
Finland,2021,14834,4457,11698,12593,2241,9457,3136
Democratic Republic of the Congo,2007,8,20,5,6,2,3,3
France,2017,37928,32307,22462,31587,6341,16121,15466
Cabo Verde,2021,16,11,12,9,7,5,4
Spain,2013,27845,33850,18262,22360,5485,12777,9583
Grenada,2011,34,113,28,22,12,16,6
Dominican Republic,2017,93,15,86,59,34,52,7
China,2000,2379,19498,1513,1073,1306,207,866
Cayman Islands,2007,0,6,0,0,0,0,0
Costa Rica,2008,234,105,211,113,121,90,23
Faroe Islands,2020,40,19,33,28,12,21,7
Ethiopia,2019,3695,1674,3450,2860,835,2615,245
Republic of the Congo,2001,2,1,1,2,0,1,1
The Gambia,2006,0,5,0,0,0,0,0
Algeria,2018,587,1665,418,334,253,165,169
Cuba,2008,137,233,109,83,54,55,28
Cayman Islands,2021,5,6,5,5,0,5,0
Fiji,2009,21,67,14,11,10,4,7
Fiji,2013,45,148,29,35,10,19,16
Greenland,2013,8,3,8,8,0,8,0
Guyana,2011,2,11,2,1,1,1,0
Cameroon,2002,11,53,7,7,4,3,4
Cayman Islands,2018,8,6,6,7,1,5,2
Estonia,2012,921,1456,760,573,348,412,161
Gibraltar,2016,1,4,0,1,0,0,1
Cuba,2014,278,252,233,212,66,167,45
Finland,2002,1434,4582,1018,665,769,249,416
Eritrea,2008,0,3,0,0,0,0,0
Ghana,2003,39,140,23,19,20,3,16
French Guiana,2015,4,1,4,3,1,3,0
Guyana,2016,9,10,7,5,4,3,2
Egypt,2016,7269,9648,6579,2765,4504,2075,690
Denmark,2008,3887,7541,2377,2633,1254,1123,1510
Cuba,2001,42,165,35,21,21,14,7
Algeria,2019,634,1366,468,369,265,203,166
Cyprus,2008,219,590,87,171,48,39,132
Cayman Islands,2020,6,4,6,5,1,5,0
Eritrea,2014,0,1,0,0,0,0,0
Denmark,2014,9919,11372,6687,7925,1994,4693,3232
Cameroon,2000,3,27,3,2,1,2,0
Guadeloupe,2000,5,16,2,3,2,0,3
Grenada,2002,4,13,4,1,3,1,0
Colombia,2013,4476,2337,4005,2999,1477,2528,471
Greece,2014,4449,9027,3168,3175,1274,1894,1281
The Gambia,2012,5,4,5,4,1,4,0
Gibraltar,2018,4,2,3,4,0,3,1
Guinea,2017,2,0,2,2,0,2,0
Ecuador,2004,33,42,19,22,11,8,14
Ethiopia,2017,2458,1379,2213,1941,517,1696,245
Ghana,2015,918,930,795,641,277,518,123
Cameroon,2008,45,145,37,21,24,13,8
Dominican Republic,2000,12,0,7,12,0,7,5
Estonia,2013,1011,1623,795,673,338,457,216
Algeria,2009,110,465,70,63,47,23,40
Colombia,2015,7462,3202,6665,5247,2215,4450,797
Egypt,2012,3211,5714,2854,1294,1917,937,357
Gabon,2016,48,123,39,35,13,26,9
Czech Republic,2000,493,2385,321,249,244,77,172
Ghana,2014,756,866,644,543,213,431,112
Faroe Islands,2009,0,5,0,0,0,0,0
Guyana,2001,1,3,1,0,1,0,0
Ghana,2001,47,132,28,23,24,4,19
Czech Republic,2021,9573,7105,7700,7377,2196,5504,1873
United Kingdom,2013,73295,97746,45197,58930,14365,30832,28098
Democratic Republic of the Congo,2010,19,46,13,15,4,9,6
The Gambia,2013,8,11,8,6,2,6,0
Cyprus,2014,625,1128,445,461,164,281,180
Guatemala,2014,78,55,70,52,26,44,8
Ecuador,2014,454,248,373,331,123,250,81
Ivory Coast,2017,133,82,121,61,72,49,12
China,2018,145908,305032,120820,101445,44463,76357,25088
Cabo Verde,2013,7,1,6,4,3,3,1
Cuba,2020,657,229,561,385,272,289,96
Algeria,2016,420,1248,280,261,159,121,140
Eritrea,2010,1,1,0,1,0,0,1
Greenland,2014,4,9,3,3,1,2,1
Czech Republic,2002,620,2723,408,342,278,130,212
Egypt,2008,990,3253,827,339,651,176,163
Guyana,2008,3,4,3,1,2,1,0
Egypt,2002,228,1646,189,68,160,29,39
Ethiopia,2001,117,345,72,61,56,16,45
Micronesia,2001,0,1,0,0,0,0,0
Algeria,2017,504,1297,349,270,234,115,155
Gibraltar,2013,5,8,5,5,0,5,0
Eritrea,2012,2,0,2,0,2,0,0
Eritrea,2021,0,1,0,0,0,0,0
Georgia,2000,16,65,4,13,3,1,12
China,2020,220273,369809,187669,147802,72471,115198,32604
Georgia,2007,47,116,17,39,8,9,30
Guinea-Bissau,2007,5,4,4,4,1,3,1
Cuba,2003,84,156,66,37,47,19,18
Estonia,2016,1337,1749,1013,979,358,655,324
Algeria,2015,405,1214,305,216,189,116,100
Ethiopia,2012,1028,1219,852,775,253,599,176
Fiji,2002,8,25,7,2,6,1,1
Gibraltar,2012,1,2,1,1,0,1,0
Guatemala,2012,40,43,35,31,9,26,5
Gibraltar,2017,1,0,1,0,1,0,0
Guinea,2019,1,0,0,1,0,0,1
Cameroon,2018,479,423,421,325,154,267,58
Gibraltar,2006,1,4,1,0,1,0,0
Cyprus,2010,388,766,188,295,93,95,200
Guatemala,2018,306,132,270,165,141,129,36
France,2005,10709,23383,5827,7565,3144,2683,4882
Ethiopia,2013,1290,1204,1074,1032,258,816,216
Algeria,2008,61,384,36,34,27,9,25
Cuba,2005,76,232,62,44,32,30,14
Guinea-Bissau,2004,4,4,2,2,2,0,2
Cabo Verde,2020,11,12,7,9,2,5,4
China,2013,58300,233479,46375,38281,20019,26356,11925
Cuba,2016,358,226,317,257,101,216,41
Ivory Coast,2008,3,4,0,3,0,0,3
Georgia,2021,480,297,410,333,147,263,70
Greece,2008,2163,7573,1360,1398,765,595,803
Georgia,2001,20,61,11,12,8,3,9
France,2002,7741,20358,4687,4817,2924,1763,3054
Cyprus,2015,797,1156,510,626,171,339,287
Ghana,2010,235,453,187,158,77,110,48
Ivory Coast,2010,3,13,3,2,1,2,0
Dominican Republic,2015,60,10,55,37,23,32,5
Ivory Coast,2000,0,1,0,0,0,0,0
Czech Republic,2010,2417,6070,1619,1565,852,767,798
The Gambia,2005,0,1,0,0,0,0,0
Algeria,2010,89,430,54,60,29,25,35
Ethiopia,2020,5064,1846,4778,3913,1151,3627,286
Germany,2007,22103,54907,12526,15312,6791,5735,9577
Democratic Republic of the Congo,2021,283,80,231,212,71,160,52
Georgia,2019,490,328,422,347,143,279,68
Guadeloupe,2008,17,40,10,11,6,4,7
Estonia,2002,98,392,75,49,49,26,23
Costa Rica,2012,451,181,404,357,94,310,47
France,2020,53736,24407,34898,46004,7732,27166,18838
Greenland,2012,3,2,3,3,0,3,0
Georgia,2008,59,120,32,42,17,15,27
Eritrea,2009,1,5,1,1,0,1,0
Democratic Republic of the Congo,2004,0,6,0,0,0,0,0
Guadeloupe,2018,93,48,53,78,15,38,40
Germany,2003,14066,44938,8145,8837,5229,2916,5921
Gabon,2003,14,15,11,5,9,2,3
China,2006,11048,84382,7235,5567,5481,1754,3813
Grenada,2006,7,46,6,2,5,1,1
Cayman Islands,2010,2,7,2,0,2,0,0
Guadeloupe,2009,29,52,20,20,9,11,9
Denmark,2006,2567,5736,1551,1571,996,555,1016
Dominican Republic,2003,19,2,14,19,0,14,5
Honduras,2017,1,0,1,0,1,0,0
Costa Rica,2010,273,138,225,186,87,138,48
Cyprus,2016,983,1433,680,735,248,432,303
Gabon,2009,29,24,25,15,14,11,4
Micronesia,2013,1,2,1,1,0,1,0
Spain,2017,44020,31184,30170,35669,8351,21819,13850
Guatemala,2019,303,146,275,177,126,149,28
Republic of the Congo,2014,13,10,10,10,3,7,3
Algeria,2021,711,1332,586,345,366,220,125
Ecuador,2000,32,25,21,13,19,2,11
Colombia,2021,8201,4567,7371,4628,3573,3798,830
Micronesia,2020,6,0,3,6,0,3,3
Finland,2001,1340,4575,994,615,725,269,346
Guinea-Bissau,2012,11,8,10,9,2,8,1
Guyana,2014,3,7,2,1,2,0,1
Egypt,2014,4959,7608,4444,1968,2991,1453,515
Georgia,2014,306,207,251,263,43,208,55
Eritrea,2016,0,4,0,0,0,0,0
Greenland,2019,14,4,11,13,1,10,3
Ghana,2002,36,140,26,17,19,7,10
Ivory Coast,2016,124,81,112,52,72,40,12
Guadeloupe,2014,52,63,34,43,9,25,18
Georgia,2006,59,132,30,43,16,14,29
Germany,2020,100012,66870,78853,77618,22394,56459,21159
Ghana,2012,413,699,354,266,147,207,59
Guinea-Bissau,2018,29,11,24,25,4,20,5
Gabon,2018,70,70,65,47,23,42,5
Spain,2016,39839,32551,26506,32675,7164,19342,13333
Estonia,2017,1460,1655,1123,1055,405,718,337
Costa Rica,2003,70,83,53,53,17,36,17
Czech Republic,2019,8304,8277,6335,5989,2315,4020,1969
Greece,2009,2620,8413,1591,1773,847,744,1029
Denmark,2000,1234,3891,842,583,651,191,392
Costa Rica,2021,1023,383,899,629,394,505,124
Fiji,2004,16,43,12,6,10,2,4
Czech Republic,2015,5924,8691,4805,4146,1778,3027,1119
United Kingdom,2005,27141,67819,16404,17613,9528,6876,10737
Spain,2018,47006,31105,32145,38343,8663,23482,14861
Guatemala,2001,4,17,2,3,1,1,2
Grenada,2015,98,127,73,75,23,50,25
Dominican Republic,2014,146,12,133,37,109,24,13
Algeria,2000,14,94,7,8,6,1,7
Grenada,2010,14,77,14,7,7,7,0
Cameroon,2012,127,165,108,97,30,78,19
United Kingdom,2015,102901,79438,61603,87530,15371,46232,41298
Democratic Republic of the Congo,2019,201,60,158,157,44,114,43
Cameroon,2010,73,132,58,54,19,39,15
Cyprus,2018,1293,1597,882,1076,217,665,411
Gibraltar,2010,1,0,0,1,0,0,1
Cayman Islands,2011,3,12,3,2,1,2,0
Finland,2008,2845,7074,1857,1811,1034,823,988
Estonia,2019,1858,1851,1425,1361,497,928,433
Egypt,2005,444,2082,369,152,292,77,75
Ethiopia,2005,268,594,200,125,143,57,68
Democratic Republic of the Congo,2020,277,73,235,206,71,164,42
The Gambia,2011,5,5,4,4,1,3,1
Estonia,2005,153,619,109,78,75,34,44
Colombia,2019,9710,4780,8736,5958,3752,4984,974
Cyprus,2004,72,240,40,48,24,16,32
Cyprus,2021,2039,2079,1616,1532,507,1109,423
Algeria,2001,18,88,11,10,8,3,7
Georgia,2016,411,341,349,315,96,253,62
Egypt,2000,199,1413,180,45,154,26,19
Cabo Verde,2015,16,5,16,10,6,10,0
Eritrea,2020,0,2,0,0,0,0,0
Algeria,2002,20,106,8,15,5,3,12
Guyana,2005,4,3,4,1,3,1,0
Czech Republic,2014,5177,8317,4079,3484,1693,2386,1098
Guyana,2015,11,2,10,8,3,7,1
Cameroon,2019,631,437,559,399,232,327,72
Guadeloupe,2015,45,49,36,35,10,26,9
Grenada,2000,2,9,1,1,1,0,1
Gabon,2013,40,44,34,31,9,25,6
Denmark,2005,2216,4975,1391,1271,945,446,825
Guadeloupe,2016,75,53,56,57,18,38,19
Ivory Coast,2019,180,76,155,79,101,54,25
Faroe Islands,2017,31,12,21,29,2,19,10
Cyprus,2003,60,201,35,46,14,21,25
Fiji,2005,11,64,7,7,4,3,4
Germany,2014,50501,77519,34141,39665,10836,23305,16360
Ghana,2007,136,352,108,62,74,34,28
Czech Republic,2011,2834,6134,2023,1964,870,1153,811
Czech Republic,2020,9581,7985,7473,7295,2286,5187,2108
China,2003,5186,32344,3538,2740,2446,1092,1648
Republic of the Congo,2012,8,14,6,8,0,6,2
Gibraltar,2008,1,8,1,0,1,0,0
Ghana,2019,2169,1598,1940,1334,835,1105,229
French Guiana,2010,0,1,0,0,0,0,0
Fiji,2014,69,154,48,44,25,23,21
Estonia,2008,306,1037,215,201,105,110,91
Cayman Islands,2014,3,1,3,0,3,0,0
Ethiopia,2011,917,1088,736,641,276,460,181
Guatemala,2007,12,18,10,7,5,5,2
Guinea-Bissau,2010,8,3,8,6,2,6,0
Czech Republic,2009,2018,5558,1336,1292,726,610,682
Democratic Republic of the Congo,2002,0,9,0,0,0,0,0
Finland,2004,1686,5208,1168,884,802,366,518
Dominican Republic,2006,12,4,7,12,0,7,5
Costa Rica,2000,74,83,66,44,30,36,8
Faroe Islands,2012,4,6,3,3,1,2,1
Cayman Islands,2004,0,1,0,0,0,0,0
Faroe Islands,2011,7,1,6,4,3,3,1
Ethiopia,2015,1862,1324,1615,1503,359,1256,247
Grenada,2012,41,101,30,27,14,16,11
Guadeloupe,2021,226,108,144,197,29,115,82
Georgia,2002,21,83,10,16,5,5,11
Cabo Verde,2018,18,9,14,12,6,8,4
Republic of the Congo,2008,2,7,2,1,1,1,0
Gabon,2012,33,50,24,25,8,16,9
Denmark,2001,1389,4151,935,676,713,222,454
Fiji,2006,20,71,16,8,12,4,4
Czech Republic,2008,1843,4683,1194,1190,653,541,649
Guadeloupe,2005,8,27,5,5,3,2,3
Guinea,2016,1,0,1,1,0,1,0
United Kingdom,2017,133271,57685,74146,118887,14384,59762,59125
Cyprus,2013,626,1186,423,476,150,273,203
Cyprus,2005,96,300,41,73,23,18,55
Micronesia,2011,0,3,0,0,0,0,0
Georgia,2015,368,193,289,313,55,234,79
Democratic Republic of the Congo,2000,0,9,0,0,0,0,0
Gabon,2000,5,19,3,2,3,0,2
Denmark,2015,11647,11433,7763,9517,2130,5633,3884
Guyana,2000,1,2,1,1,0,1,0
United Kingdom,2021,153492,65138,109789,129942,23550,86239,43703
Egypt,2013,3991,6770,3538,1539,2452,1086,453
Georgia,2018,502,302,443,349,153,290,59
Cameroon,2015,290,262,259,221,69,190,31
Faroe Islands,2014,10,8,7,7,3,4,3
The Gambia,2018,17,3,17,12,5,12,0
Guinea,2011,0,2,0,0,0,0,0
Costa Rica,2006,239,92,212,191,48,164,27
Grenada,2003,3,16,1,2,1,0,2
France,2012,26205,36293,14981,21103,5102,9879,11224
Greece,2013,4050,8767,2916,2868,1182,1734,1134
Ivory Coast,2003,0,1,0,0,0,0,0
Germany,2006,20250,53218,11420,13631,6619,4801,8830
Cayman Islands,2009,7,5,7,5,2,5,0
Gibraltar,2015,1,1,1,1,0,1,0
Ecuador,2006,112,43,79,102,10,69,33
The Gambia,2021,65,18,63,32,33,30,2
Fiji,2018,116,193,79,89,27,52,37
Faroe Islands,2018,42,20,24,37,5,19,18
Cameroon,2021,933,702,852,510,423,429,81
Greenland,2016,7,6,5,7,0,5,2
Eritrea,2002,2,9,2,2,0,2,0
Dominican Republic,2018,92,25,83,50,42,41,9
United Kingdom,2012,61488,95779,37911,48260,13228,24683,23577
Ghana,2011,321,595,269,232,89,180,52
Egypt,2019,13428,12656,12438,4405,9023,3415,990
Micronesia,2019,0,1,0,0,0,0,0
Algeria,2005,30,207,17,17,13,4,13
Costa Rica,2016,954,291,832,681,273,559,122
Micronesia,2016,0,1,0,0,0,0,0
China,2005,8774,56746,5855,4687,4087,1768,2919
Eritrea,2003,2,4,1,1,1,0,1
Democratic Republic of the Congo,2012,52,55,43,45,7,36,9
Greece,2010,2925,8464,1811,2099,826,985,1114
Cameroon,2004,21,71,18,7,14,4,3
Estonia,2020,2161,1793,1667,1586,575,1092,494
Guadeloupe,2020,234,68,152,205,29,123,82
Grenada,2021,314,140,281,252,62,219,33
Fiji,2011,18,72,13,10,8,5,5
Grenada,2020,322,164,266,264,58,208,56
Republic of the Congo,2020,74,23,62,50,24,38,12
Ghana,2020,3091,1859,2787,1777,1314,1473,304
United Kingdom,2020,166231,65391,106945,144420,21811,85134,59286
Guinea-Bissau,2015,16,6,14,11,5,9,2
The Gambia,2010,12,2,12,2,10,2,0
Estonia,2014,1123,1799,915,766,357,558,208
Colombia,2004,578,676,478,307,271,207,100
Ethiopia,2010,778,1011,606,559,219,387,172
Democratic Republic of the Congo,2018,139,63,113,124,15,98,26
Czech Republic,2005,1026,3396,639,618,408,231,387
Gibraltar,2014,5,5,4,5,0,4,1
Finland,2006,2072,6217,1335,1217,855,480,737
Dominican Republic,2007,21,5,13,20,1,12,8
Cameroon,2009,57,143,44,40,17,27,13
Algeria,2011,125,573,89,67,58,31,36
Gabon,2020,107,29,85,92,15,70,22
French Guiana,2020,10,3,10,9,1,9,0
Guadeloupe,2012,27,57,19,17,10,9,8
Grenada,2009,15,77,9,6,9,0,6
Egypt,2018,11087,11737,10203,3817,7270,2933,884
Greece,2000,561,2959,353,282,279,74,208
Guatemala,2011,29,38,25,18,11,14,4
Guadeloupe,2011,32,44,22,24,8,14,10
Greece,2002,771,3651,520,402,369,151,251
Ivory Coast,2013,35,51,30,30,5,25,5
Republic of the Congo,2017,30,21,26,17,13,13,4
Cyprus,2002,85,164,39,66,19,20,46
Germany,2000,10367,41160,6153,5877,4490,1663,4214
Republic of the Congo,2018,32,24,27,22,10,17,5
Estonia,2003,103,400,78,52,51,27,25
Greenland,2020,16,12,14,14,2,12,2
Colombia,2012,3399,2468,3020,2245,1154,1866,379
Grenada,2019,252,176,194,184,68,126,58
Ivory Coast,2009,5,11,1,4,1,0,4
Cuba,2018,446,288,383,307,139,244,63
Estonia,2021,2208,1675,1733,1671,537,1196,475
China,2012,48488,209235,38342,28992,19496,18846,10146
Faroe Islands,2005,0,4,0,0,0,0,0
Costa Rica,2020,1273,432,1142,706,567,575,131
Cameroon,2011,98,169,76,75,23,53,22
Eritrea,2018,1,0,1,0,1,0,0
Guinea-Bissau,2006,1,4,1,0,1,0,0
Guinea-Bissau,2009,8,8,7,3,5,2,1
Spain,2006,10009,21801,5841,6962,3047,2794,4168
Germany,2002,12743,43532,7536,7703,5040,2496,5207
Guatemala,2002,5,7,4,4,1,3,1
Egypt,2003,320,1963,263,103,217,46,57
Cuba,2019,520,254,452,326,194,258,68
Guatemala,2010,27,35,23,18,9,14,4
Guadeloupe,2013,45,52,29,38,7,22,16
Estonia,2006,230,762,179,123,107,72,51
Republic of the Congo,2013,11,11,9,7,4,5,2
The Gambia,2016,9,5,8,7,2,6,1
Algeria,2004,26,154,16,16,10,6,10
Denmark,2012,7406,10208,4631,5807,1599,3032,2775
Grenada,2018,239,170,198,185,54,144,41
Faroe Islands,2008,1,2,1,1,0,1,0
Greenland,2007,1,0,1,1,0,1,0
France,2006,12563,26147,6394,9196,3367,3027,6169
France,2015,33680,36490,19924,27738,5942,13982,13756
Guadeloupe,2003,11,17,6,9,2,4,5
China,2007,13950,98365,9248,7190,6760,2488,4702
China,2017,125932,257431,104819,85329,40603,64216,21113
Ecuador,2010,180,113,137,132,48,89,43
Guatemala,2021,413,181,380,183,230,150,33
Ivory Coast,2021,236,93,205,129,107,98,31
Spain,2002,5745,15027,3604,3665,2080,1524,2141
Costa Rica,2019,1026,418,921,578,448,473,105
Spain,2009,15436,28445,8860,11629,3807,5053,6576
Greece,2018,6724,8503,4938,4873,1851,3087,1786
Algeria,2007,60,299,30,43,17,13,30
Finland,2016,8617,8371,5303,7280,1337,3966,3314
Cyprus,2006,120,385,49,86,34,15,71
China,2015,88465,234056,73053,58714,29751,43302,15412
Ivory Coast,2018,190,67,175,84,106,69,15
France,2011,23084,33479,12523,18620,4464,8059,10561
Spain,2003,6472,15789,3939,4205,2267,1672,2533
Egypt,2004,328,1982,257,134,194,63,71
Estonia,2001,98,388,74,50,48,26,24
Micronesia,2003,0,2,0,0,0,0,0
Denmark,2017,14325,10206,9366,11969,2356,7010,4959
Micronesia,2005,0,2,0,0,0,0,0
United Kingdom,2007,35063,84300,19440,24556,10507,8933,15623
United Kingdom,2016,124296,67244,69489,110154,14142,55347,54807
China,2009,24046,153989,17133,14241,9805,7328,6913
Ethiopia,2007,450,857,318,243,207,111,132
French Guiana,2017,2,0,2,2,0,2,0
Guinea-Bissau,2011,13,6,12,8,5,7,1
Gabon,2008,27,22,24,18,9,15,3
Egypt,2021,18451,15578,17409,7266,11185,6224,1042
Guyana,2007,2,3,2,1,1,1,0
Grenada,2013,49,105,37,37,12,25,12
Czech Republic,2017,7009,8280,5478,4957,2052,3426,1531
Cabo Verde,2017,12,6,11,11,1,10,1
Spain,2007,10792,23920,6082,7797,2995,3087,4710
Cabo Verde,2011,3,2,1,2,1,0,2
United Kingdom,2011,54087,92380,31651,41832,12255,19396,22436
Cameroon,2017,422,355,373,306,116,257,49
Gabon,2021,114,29,95,85,29,66,19
Guatemala,2016,177,105,155,129,48,107,22
Guatemala,2017,264,147,234,141,123,111,30
Greenland,2009,1,2,1,0,1,0,0
Republic of the Congo,2005,0,12,0,0,0,0,0
Ethiopia,2021,5421,1909,5134,4152,1269,3865,287
United Kingdom,2014,86946,85776,53026,72925,14021,39005,33920
Cayman Islands,2017,0,1,0,0,0,0,0
Ethiopia,2006,303,755,224,128,175,49,79
Cameroon,2001,11,40,7,10,1,6,4
Denmark,2002,1516,4112,1044,766,750,294,472
Denmark,2021,18602,10409,14039,15535,3067,10972,4563
Democratic Republic of the Congo,2003,1,9,1,0,1,0,0
The Gambia,2019,23,4,21,12,11,10,2
Czech Republic,2016,6704,8800,5299,4825,1879,3420,1405
Estonia,2010,579,1288,408,379,200,208,171
China,2002,3749,26099,2547,1774,1975,572,1202
Germany,2021,100049,58182,80474,76970,23079,57395,19575
The Gambia,2020,34,11,31,23,11,20,3
Denmark,2011,6163,9597,3777,4730,1433,2344,2386
Greece,2012,3830,8415,2781,2736,1094,1687,1049
Spain,2000,4414,12520,2606,2747,1667,939,1808
Guatemala,2020,466,171,427,232,234,193,39
Honduras,2015,1,0,1,0,1,0,0
Dominican Republic,2016,43,25,37,31,12,25,6
Czech Republic,2007,1507,4618,995,904,603,392,512
Fiji,2015,57,167,36,42,15,21,21
Ghana,2013,561,789,480,353,208,272,81
Costa Rica,2015,1062,241,983,640,422,561,79
Colombia,2000,286,485,230,153,133,97,56
Cyprus,2009,349,716,167,239,110,57,182
Ethiopia,2014,1603,1249,1361,1316,287,1074,242
Cyprus,2019,1465,1677,1023,1113,352,671,442
Georgia,2003,25,82,17,18,7,10,8
Estonia,2004,119,530,79,70,49,30,40
Cuba,2011,214,243,173,135,79,94,41
Eritrea,2006,3,17,2,3,0,2,1
China,2004,6595,40662,4543,3522,3073,1470,2052
Denmark,2018,16111,9624,10327,13677,2434,7893,5784
Gabon,2010,32,46,25,29,3,22,7
Micronesia,2012,0,1,0,0,0,0,0
Ethiopia,2002,148,398,107,59,89,18,41
Colombia,2003,424,608,354,230,194,160,70
Costa Rica,2002,96,88,86,71,25,61,10
Cayman Islands,2006,1,1,1,1,0,1,0
Democratic Republic of the Congo,2011,26,35,18,25,1,17,8
Cuba,2000,45,173,27,25,20,7,18
Ecuador,2005,59,52,24,48,11,13,35
Ethiopia,2009,604,957,466,375,229,237,138
Greece,2005,1363,5198,888,796,567,321,475
Denmark,2007,3074,6899,1902,1936,1138,764,1172
Finland,2000,1217,4470,851,558,659,192,366
Czech Republic,2018,7283,8104,5561,5281,2002,3559,1722
Cameroon,2006,26,130,15,13,13,2,11
Denmark,2016,13219,11173,8729,10960,2259,6470,4490
Guinea,2020,1,0,1,1,0,1,0
Ecuador,2012,283,139,245,225,58,187,38
Faroe Islands,2003,0,1,0,0,0,0,0
Faroe Islands,2004,1,1,1,0,1,0,0
France,2019,47385,25615,28947,40883,6502,22445,18438
France,2010,21271,35556,10926,17149,4122,6804,10345
Greenland,2021,28,12,27,24,4,23,1
Greece,2003,1022,4128,711,543,479,232,311
Egypt,2009,1426,4235,1196,475,951,245,230
Finland,2020,15289,5059,10515,13325,1964,8551,4774
The Gambia,2008,3,0,1,3,0,1,2
Finland,2012,4873,8608,3374,3708,1165,2209,1499
Germany,2004,15453,47471,9041,9811,5642,3399,6412
Cayman Islands,2019,7,1,6,6,1,5,1
Grenada,2014,87,130,62,61,26,36,25
Spain,2020,59988,32275,45126,47688,12300,32826,14862
Ghana,2008,115,348,84,68,47,37,31
Finland,2005,1838,5408,1244,1036,802,442,594
Micronesia,2015,0,4,0,0,0,0,0
Guyana,2012,9,5,8,4,5,3,1
Guyana,2017,16,6,14,7,9,5,2
Gibraltar,2004,0,1,0,0,0,0,0
Gabon,2005,15,31,11,6,9,2,4
Guatemala,2005,7,14,6,5,2,4,1
Denmark,2009,4635,11874,2786,3203,1432,1354,1849
Democratic Republic of the Congo,2017,148,72,125,127,21,104,23
France,2000,6303,19659,3767,3730,2573,1194,2536
Grenada,2007,7,82,2,6,1,1,5
Georgia,2020,529,353,446,368,161,285,83
Dominican Republic,2013,37,9,21,34,3,18,16
Egypt,2007,707,3057,578,239,468,110,129
Democratic Republic of the Congo,2015,111,52,87,102,9,78,24
Republic of the Congo,2009,3,10,3,3,0,3,0
Ecuador,2001,31,16,15,17,14,1,16
French Guiana,2009,0,1,0,0,0,0,0
Cameroon,2020,944,578,854,514,430,424,90
United Kingdom,2001,17604,57948,11763,9934,7670,4093,5841
Spain,2008,13005,24700,7406,9665,3340,4066,5599
United Kingdom,2004,24548,63223,15396,15194,9354,6042,9152
Eritrea,2011,1,3,1,1,0,1,0
French Guiana,2018,3,0,1,3,0,1,2
Guadeloupe,2019,140,55,86,129,11,75,54
Democratic Republic of the Congo,2013,63,47,49,54,9,40,14
Gibraltar,2007,0,3,0,0,0,0,0
Ecuador,2003,25,46,16,15,10,6,9
Algeria,2020,775,1506,616,381,394,222,159
Greece,2016,5615,8624,4023,4179,1436,2587,1592
Algeria,2012,229,579,178,122,107,71,51
Spain,2005,8462,18915,4958,5732,2730,2228,3504
Finland,2011,4208,8343,2758,3093,1115,1643,1450
United Kingdom,2010,51081,93847,29115,38324,12757,16358,21966
Ghana,2005,100,232,81,31,69,12,19
Gabon,2004,18,13,11,11,7,4,7
Egypt,2017,8214,10359,7450,3093,5121,2329,764
Ecuador,2021,1873,1104,1681,1003,870,811,192
Ethiopia,2008,468,862,360,273,195,165,108
Micronesia,2021,1,0,0,1,0,0,1
Ecuador,2009,157,82,104,127,30,74,53
Democratic Republic of the Congo,2014,125,54,99,110,15,84,26
Guatemala,2009,23,39,15,20,3,12,8
Curaçao,2010,1,0,1,1,0,1,0
United Kingdom,2006,30829,77646,17382,20594,10235,7147,13447
Cayman Islands,2013,1,4,0,1,0,0,1
Dominican Republic,2009,16,6,9,14,2,7,7
Greece,2004,1165,4705,820,658,507,313,345
Spain,2004,7356,17440,4419,4884,2472,1947,2937
Democratic Republic of the Congo,2006,8,12,5,6,2,3,3
Cabo Verde,2014,8,5,7,5,3,4,1
Ghana,2009,157,412,120,91,66,54,37
Guatemala,2006,12,17,7,8,4,3,5
Costa Rica,2005,146,103,127,80,66,61,19
Ecuador,2020,2029,1189,1837,1109,920,917,192
Spain,2010,18455,30448,10834,14299,4156,6678,7621
Guinea-Bissau,2013,10,7,6,9,1,5,4
Estonia,2015,1202,1708,948,859,343,605,254
Guyana,2004,1,1,1,0,1,0,0
Ivory Coast,2011,14,9,4,12,2,2,10
The Gambia,2015,3,0,3,3,0,3,0
France,2007,13987,27378,6996,10688,3299,3697,6991
Dominican Republic,2010,18,5,11,17,1,10,7
Honduras,2019,2,0,2,0,2,0,0
Colombia,2005,676,748,536,386,290,246,140
Ecuador,2013,352,175,297,262,90,207,55
Guyana,2021,30,20,28,24,6,22,2
Greece,2015,4808,8386,3396,3561,1247,2149,1412
Ivory Coast,2006,1,5,1,1,0,1,0
Guatemala,2000,5,7,5,4,1,4,0
Spain,2012,25411,32707,16496,20132,5279,11217,8915
Cyprus,2007,137,470,49,111,26,23,88
Grenada,2004,6,14,5,1,5,0,1
Cyprus,2017,1260,1518,923,922,338,585,337
Gabon,2015,44,92,40,27,17,23,4
Cayman Islands,2003,0,1,0,0,0,0,0
Greenland,2004,2,0,2,0,2,0,0
Greenland,2018,22,6,16,20,2,14,6
Algeria,2006,41,250,24,26,15,9,17
Guatemala,2003,7,15,6,5,2,4,1
Czech Republic,2012,3602,6317,2779,2497,1105,1674,823
Guatemala,2013,64,42,51,39,25,26,13
Czech Republic,2006,1195,4353,782,699,496,286,413
Honduras,2016,2,1,2,0,2,0,0
Greece,2019,7013,8613,5274,5044,1969,3305,1739
Guinea-Bissau,2008,7,5,7,6,1,6,0
Republic of the Congo,2011,6,8,5,6,0,5,1
Micronesia,2018,2,3,2,2,0,2,0
Gabon,2002,9,23,4,5,4,0,5
Grenada,2005,12,12,9,7,5,4,3
Faroe Islands,2002,1,1,1,0,1,0,0
Cayman Islands,2005,0,1,0,0,0,0,0
China,2001,2948,22769,1960,1373,1575,385,988
Czech Republic,2004,867,3306,571,476,391,180,296
Cyprus,2011,468,825,300,346,122,178,168
Guinea-Bissau,2005,3,9,2,1,2,0,1
Eritrea,2000,4,11,2,2,2,0,2
Dominican Republic,2021,121,50,115,86,35,80,6
Ghana,2016,1251,1126,1094,891,360,734,157
Egypt,2011,2414,5041,2114,957,1457,657,300
Honduras,2018,2,0,0,2,0,0,2
Colombia,2008,1302,1281,1064,805,497,567,238
Cuba,2006,78,237,56,48,30,26,22
Guinea-Bissau,2016,26,10,23,23,3,20,3
Germany,2010,33707,77288,19843,25280,8427,11416,13864
Greece,2017,6383,8530,4705,4421,1962,2743,1678
Faroe Islands,2021,38,21,32,25,13,19,6
Cayman Islands,2016,4,3,3,2,2,1,1
Fiji,2003,10,38,9,2,8,1,1
Ivory Coast,2002,1,1,0,1,0,0,1
Greece,2021,9215,8173,7675,6867,2348,5327,1540
Ivory Coast,2005,2,11,1,1,1,0,1
Fiji,2000,5,22,4,4,1,3,1
Greenland,2010,0,2,0,0,0,0,0
Colombia,2017,9573,4004,8641,6391,3182,5459,932
Czech Republic,2013,4288,7070,3315,3067,1221,2094,973
Cuba,2021,666,242,592,377,289,303,74
Guadeloupe,2007,30,30,23,22,8,15,7
Dominican Republic,2008,22,3,9,22,0,9,13
Cabo Verde,2016,24,9,20,17,7,13,4
Denmark,2013,8812,11075,5707,6959,1853,3854,3105
United Kingdom,2002,19811,57162,12966,11512,8299,4667,6845
France,2021,48470,24445,31859,40752,7718,24141,16611
Guinea-Bissau,2019,29,9,22,22,7,15,7
Colombia,2014,6045,2931,5428,4059,1986,3442,617
Micronesia,2004,0,1,0,0,0,0,0
Dominican Republic,2004,17,3,11,16,1,10,6
Faroe Islands,2019,38,22,30,31,7,23,8
Dominican Republic,2001,27,2,13,25,2,11,14
Greenland,2011,1,0,1,1,0,1,0
Ivory Coast,2015,78,63,64,56,22,42,14
Ethiopia,2000,127,315,85,57,70,15,42
Cameroon,2016,365,318,320,269,96,224,45
Grenada,2001,1,10,0,1,0,0,1
China,2008,18786,122328,13167,10593,8193,4974,5619
Colombia,2007,1094,1160,889,629,465,424,205
Fiji,2020,200,248,171,116,84,87,29
Greenland,2002,0,1,0,0,0,0,0
Cuba,2012,234,235,198,161,73,125,36
Cuba,2015,312,232,263,221,91,172,49
Ecuador,2002,39,43,22,21,18,4,17
Eritrea,2013,1,1,1,1,0,1,0
Ivory Coast,2020,210,89,193,102,108,85,17
Cameroon,2007,31,111,21,17,14,7,10
Guatemala,2015,127,69,112,69,58,54,15
Egypt,2020,17686,14700,16604,6060,11626,4978,1082
Estonia,2011,657,1291,524,432,225,299,133
Costa Rica,2017,972,314,884,654,318,566,88
Egypt,2001,254,1559,216,59,195,21,38
Dominican Republic,2005,17,0,10,17,0,10,7
Guinea-Bissau,2000,1,0,1,1,0,1,0
Micronesia,2009,0,1,0,0,0,0,0
Guadeloupe,2006,16,42,10,11,5,5,6
Ethiopia,2016,2098,1325,1871,1640,458,1413,227
Grenada,2008,15,80,10,10,5,5,5
Spain,2001,5078,14157,3057,3260,1818,1239,2021
Greece,2001,728,3326,500,387,341,159,228
Dominica,2009,0,1,0,0,0,0,0
Guyana,2006,1,3,1,0,1,0,0
Republic of the Congo,2010,6,7,5,6,0,5,1
Algeria,2013,253,799,199,124,129,70,54
Dominican Republic,2020,152,52,134,86,66,68,18
Democratic Republic of the Congo,2008,14,33,7,11,3,4,7
Cuba,2007,97,236,80,58,39,41,17
Georgia,2009,59,146,31,42,17,14,28
Germany,2015,55535,76146,38345,44015,11520,26825,17190
Colombia,2010,2223,1918,1860,1429,794,1066,363
Denmark,2019,17088,9590,10862,14866,2222,8640,6226
Ecuador,2018,1811,1163,1637,1183,628,1009,174
Cyprus,2020,1923,2050,1444,1388,535,909,479
Gibraltar,2005,0,1,0,0,0,0,0
Egypt,2015,5688,8519,5097,2366,3322,1775,591
Cuba,2009,131,218,90,83,48,42,41
Colombia,2006,992,920,840,546,446,394,152
Colombia,2009,1772,1583,1460,1169,603,857,312
Colombia,2011,3058,2175,2678,2066,992,1686,380
French Guiana,2019,7,2,7,6,1,6,0
Eritrea,2015,0,1,0,0,0,0,0
The Gambia,2007,0,1,0,0,0,0,0
Costa Rica,2018,983,342,888,639,344,544,95
Finland,2009,3264,9503,2110,2101,1163,947,1154
Dominica,2019,2,1,2,1,1,1,0
Fiji,2012,38,113,27,26,12,15,11
Ghana,2017,1361,1119,1161,977,384,777,200
Colombia,2016,8862,3465,8001,6038,2824,5177,861
Czech Republic,2003,698,3049,464,377,321,143,234
Fiji,2010,24,71,7,22,2,5,17
Greece,2006,1642,6411,1001,999,643,358,641
Curaçao,2012,0,1,0,0,0,0,0
Greenland,2001,0,1,0,0,0,0,0
France,2001,6710,20238,4118,4091,2619,1499,2592
Republic of the Congo,2003,1,6,1,0,1,0,0
Colombia,2018,9054,4568,8112,6077,2977,5135,942
Guinea-Bissau,2021,32,10,29,29,3,26,3
Denmark,2020,19268,10537,13351,16502,2766,10585,5917
Algeria,2003,21,132,11,15,6,5,10
China,2011,36966,219113,28342,21040,15926,12416,8624
China,2019,174821,349615,146641,118494,56327,90314,28180
Guyana,2019,32,12,25,13,19,6,7
Democratic Republic of the Congo,2005,5,5,4,4,1,3,1
Guyana,2013,9,11,9,2,7,2,0
Costa Rica,2009,262,149,230,154,108,122,32
Ivory Coast,2007,1,7,0,1,0,0,1
Ethiopia,2004,206,569,158,76,130,28,48
Honduras,2020,3,0,3,2,1,2,0
Ghana,2004,73,187,56,29,44,12,17
Ecuador,2008,140,72,90,131,9,81,50
Republic of the Congo,2016,22,28,21,16,6,15,1
Guadeloupe,2001,10,12,7,6,4,3,3
Finland,2019,13557,4875,8257,12025,1532,6725,5300
Cayman Islands,2015,1,2,1,0,1,0,0
Denmark,2010,5155,9229,3228,3757,1398,1830,1927
Dominican Republic,2002,18,1,14,16,2,12,4
China,2021,226360,375623,196259,155852,70508,125751,30101
Fiji,2008,17,76,11,6,11,0,6
Estonia,2018,1603,1723,1176,1226,377,799,427
Faroe Islands,2013,4,5,1,4,0,1,3
The Gambia,2017,8,2,6,7,1,5,2
Gabon,2001,7,14,6,5,2,4,1
Guyana,2010,3,6,3,2,1,2,0
Cabo Verde,2019,13,12,13,11,2,11,0
Gabon,2019,87,73,79,69,18,61,8
Curaçao,2021,3,0,2,3,0,2,1
France,2018,40615,31735,23478,34264,6351,17127,17137
Finland,2017,10328,6687,5976,9029,1299,4677,4352
Guatemala,2004,6,19,6,2,4,2,0
Georgia,2004,54,98,19,45,9,10,35
French Guiana,2021,10,0,9,9,1,8,1
Georgia,2011,195,176,162,168,27,135,33
Ghana,2006,140,285,118,62,78,40,22
Cuba,2013,261,240,204,190,71,133,57
Fiji,2017,126,171,93,95,31,62,33
Spain,2015,36491,32536,24453,29680,6811,17642,12038
Germany,2009,30069,67125,17726,22001,8068,9658,12343
Germany,2012,41737,74982,26886,32365,9372,17514,14851
United Kingdom,2009,45488,90321,25076,33973,11515,13561,20412
France,2013,28906,37177,16508,23839,5067,11441,12398
China,2014,71761,246955,58211,48156,23605,34606,13550
Germany,2016,61158,77762,42643,48373,12785,29858,18515
United Kingdom,2019,148462,62276,85887,130409,18053,67834,62575
Republic of the Congo,2004,0,6,0,0,0,0,0
Denmark,2004,1949,4820,1304,1033,916,388,645
Colombia,2020,10868,4796,9860,6144,4724,5136,1008
Faroe Islands,2015,17,23,8,15,2,6,9
Ecuador,2019,1790,1085,1607,1106,684,923,183
Cayman Islands,2008,0,5,0,0,0,0,0
Faroe Islands,2010,3,5,1,3,0,1,2
Guinea-Bissau,2003,2,4,1,1,1,0,1
Spain,2021,57168,28537,47140,44952,12216,34924,10028
Germany,2001,11520,42396,6894,6720,4800,2094,4626
France,2016,36782,35561,21762,30492,6290,15472,15020
Germany,2017,64812,77372,45193,51810,13002,32191,19619
United Kingdom,2008,40091,85144,22118,29409,10682,11436,17973
Spain,2019,51269,30781,36049,41704,9565,26484,15220
China,2016,105274,245027,86859,72328,32946,53913,18415
Germany,2018,70430,78038,49257,56286,14144,35113,21173
Finland,2014,6324,9169,4202,5061,1263,2939,2122
Curaçao,2013,1,0,1,1,0,1,0
Costa Rica,2014,782,268,707,588,194,513,75
Costa Rica,2004,121,76,109,82,39,70,12
Cuba,2017,457,256,380,349,108,272,77
Zambia,2016,271,115,211,236,35,176,60
South Sudan,2014,2,5,2,2,0,2,0
Togo,2014,28,26,23,24,4,19,5
Zambia,2012,157,76,121,133,24,97,36
Vietnam,2004,32,89,22,13,19,3,10
Zimbabwe,2009,51,169,34,36,15,19,17
Tanzania,2020,1050,432,962,755,295,667,88
Uganda,2005,72,168,55,46,26,29,17
Togo,2001,1,2,1,1,0,1,0
Tajikistan,2021,104,91,100,34,70,30,4
Trinidad and Tobago,2002,0,1,0,0,0,0,0
Uzbekistan,2006,37,164,25,21,16,9,12
Syria,2020,323,165,304,199,124,180,19
Slovakia,2005,250,817,144,174,76,68,106
Holy See,2016,1,4,1,0,1,0,0
Tunisia,2008,79,358,50,50,29,21,29
Chad,2019,13,5,9,13,0,9,4
Tajikistan,2005,4,13,4,2,2,2,0
Slovakia,2001,174,714,94,111,63,31,80
Saint Vincent and the Grenadines,2015,1,2,0,1,0,0,1
Trinidad and Tobago,2014,27,19,22,15,12,10,5
Suriname,2001,1,1,0,1,0,0,1
Uzbekistan,2020,504,412,436,166,338,98,68
Uganda,2015,910,373,742,801,109,633,168
Taiwan,2018,12159,19456,10636,8280,3879,6757,1523
Zimbabwe,2015,377,784,289,255,122,167,88
Vietnam,2005,41,126,27,16,25,2,14
Turkmenistan,2005,1,3,1,0,1,0,0
South Africa,2000,839,2387,657,405,434,223,182
Trinidad and Tobago,2020,54,22,52,22,32,20,2
Venezuela,2011,605,474,539,282,323,216,66
Vietnam,2000,13,25,9,4,9,0,4
Tajikistan,2000,2,7,2,0,2,0,0
Eswatini,2010,14,30,11,8,6,5,3
Eswatini,2002,2,15,1,1,1,0,1
Uzbekistan,2017,107,169,68,79,28,40,39
Turkmenistan,2011,0,1,0,0,0,0,0
South Africa,2007,2810,4998,1971,1786,1024,947,839
Turkmenistan,2002,0,1,0,0,0,0,0
Venezuela,2000,136,456,110,53,83,27,26
Zambia,2004,19,41,12,14,5,7,7
Sint Maarten,2009,2,1,1,1,1,0,1
Yemen,2021,407,407,389,168,239,150,18
Tunisia,2011,308,1193,236,191,117,119,72
Tanzania,2004,76,112,70,27,49,21,6
Samoa,2005,1,1,1,1,0,1,0
Suriname,2019,21,15,14,21,0,14,7
Syria,2002,8,22,6,2,6,0,2
South Sudan,2017,6,5,5,3,3,2,1
Turkey,2020,17345,26070,14121,9674,7671,6450,3224
United States,2001,65680,216431,42786,35077,30603,12183,22894
Slovenia,2006,400,1281,235,263,137,98,165
Uruguay,2007,125,199,85,86,39,46,40
Sint Maarten,2015,6,9,2,5,1,1,4
Tunisia,2019,1522,3702,1134,1025,497,637,388
South Sudan,2000,0,1,0,0,0,0,0
Thailand,2019,5907,8011,5131,3929,1978,3153,776
Uzbekistan,2010,42,207,20,38,4,16,22
Eswatini,2004,2,16,1,2,0,1,1
Turkmenistan,2018,0,3,0,0,0,0,0
Syria,2009,24,45,18,14,10,8,6
Holy See,2020,0,1,0,0,0,0,0
Turkey,2015,14774,19881,11119,10444,4330,6789,3655
United States,2015,291098,354461,187057,224582,66516,120541,104041
Uzbekistan,2013,65,187,46,54,11,35,19
Tunisia,2020,1875,3737,1479,1210,665,814,396
Serbia,2011,1086,2322,882,734,352,530,204
Togo,2011,19,29,14,11,8,6,5
South Africa,2011,5950,6861,4055,4641,1309,2746,1895
Syria,2007,7,40,5,4,3,2,2
Thailand,2021,8414,7797,7709,5785,2629,5080,705
Serbia,2003,339,571,278,214,125,153,61
Venezuela,2006,232,556,171,128,104,67,61
Vietnam,2018,2056,3685,1664,1318,738,926,392
Tajikistan,2010,4,38,3,3,1,2,1
Uruguay,2015,451,506,347,344,107,240,104
Virgin Islands,2004,0,4,0,0,0,0,0
United States,2020,434988,369558,308995,333266,101722,207273,125993
Trinidad and Tobago,2015,12,11,9,8,4,5,3
Uganda,2020,1555,481,1345,1243,312,1033,210
Sint Maarten,2021,42,23,40,30,12,28,2
South Sudan,2018,10,5,9,10,0,9,1
Eswatini,2011,5,26,4,2,3,1,1
Venezuela,2008,311,573,235,202,109,126,76
Thailand,2008,1034,4145,773,579,455,318,261
South Sudan,2015,1,4,1,1,0,1,0
Tunisia,2002,17,79,13,9,8,5,4
South Africa,2016,12627,10579,9525,9352,3275,6250,3102
South Africa,2005,1897,4044,1436,1109,788,648,461
Uganda,2012,502,312,394,423,79,315,108
Uruguay,2001,44,126,29,33,11,18,15
Tajikistan,2009,5,17,5,3,2,3,0
Syria,2004,3,26,2,1,2,0,1
Uruguay,2013,349,392,258,257,92,166,91
Zimbabwe,2018,625,1063,475,450,175,300,150
Zambia,2017,322,109,261,270,52,209,61
Tanzania,2018,686,317,594,520,166,428,92
Turkey,2003,1389,7063,913,694,695,218,476
Uganda,2021,1727,521,1545,1362,365,1180,182
Venezuela,2012,410,512,351,257,153,198,59
Vietnam,2021,3947,6418,3433,2303,1644,1789,514
Tanzania,2017,610,333,514,498,112,402,96
Syria,2015,108,98,93,61,47,46,15
East Timor,2015,1,0,1,1,0,1,0
Eswatini,2017,21,22,17,12,9,8,4
Trinidad and Tobago,2010,6,45,5,3,3,2,1
Turkey,2014,12111,17729,8927,8223,3888,5039,3184
Zimbabwe,2004,31,117,23,16,15,8,8
Eswatini,2009,9,16,2,9,0,2,7
Taiwan,2009,5899,23966,3499,3623,2276,1223,2400
Somalia,2018,4,3,4,2,2,2,0
South Sudan,2019,16,8,15,10,6,9,1
Taiwan,2003,2406,9145,1100,1574,832,268,1306
Venezuela,2002,142,470,101,81,61,40,41
Chad,2016,4,5,3,3,1,2,1
Uzbekistan,2011,48,230,25,40,8,17,23
Slovenia,2000,193,812,122,101,92,30,71
South Sudan,2007,1,0,1,1,0,1,0
Zimbabwe,2007,48,201,28,29,19,9,20
Slovakia,2021,2957,1803,2692,1854,1103,1589,265
Serbia,2004,288,762,229,186,102,127,59
Zambia,2011,125,71,89,108,17,72,36
Trinidad and Tobago,2019,24,18,18,17,7,11,6
Ukraine,2010,653,2543,398,413,240,158,255
Ukraine,2019,8377,5385,7834,2630,5747,2087,543
Chad,2008,4,5,3,3,1,2,1
Yemen,2018,160,264,145,78,82,63,15
Slovenia,2017,2029,1894,1554,1481,548,1006,475
Sweden,2000,2593,9840,1771,1227,1366,405,822
Venezuela,2009,476,571,410,223,253,157,66
South Sudan,2013,1,1,1,1,0,1,0
Serbia,2008,445,1365,339,258,187,152,106
Virgin Islands,2019,4,15,2,2,2,0,2
Yemen,2006,10,29,9,5,5,4,1
Zambia,2008,64,63,43,52,12,31,21
Thailand,2014,3528,6676,2996,2177,1351,1645,532
Virgin Islands,2018,3,15,2,2,1,1,1
Chad,2021,15,10,14,6,9,5,1
Yemen,2017,130,227,115,67,63,52,15
Turkmenistan,2014,1,1,1,0,1,0,0
South Africa,2006,2260,4862,1646,1339,921,725,614
Ukraine,2000,167,1660,80,116,51,29,87
Tajikistan,2020,123,110,119,52,71,48,4
Virgin Islands,2021,3,6,2,2,1,1,1
Venezuela,2010,405,528,332,248,157,175,73
South Sudan,2012,1,3,1,0,1,0,0
Vietnam,2007,68,246,44,37,31,13,24
South Africa,2008,3378,5323,2157,2407,971,1186,1221
Tunisia,2012,404,1483,307,250,154,153,97
South Africa,2003,1224,2616,912,671,553,359,312
Serbia,2007,354,1306,259,198,156,103,95
Somalia,2019,9,3,8,5,4,4,1
United States,2017,328147,342001,221014,251477,76670,144344,107133
Holy See,2019,1,1,1,1,0,1,0
Slovakia,2004,223,834,131,128,95,36,92
East Timor,2008,0,1,0,0,0,0,0
Suriname,2011,2,3,2,1,1,1,0
Togo,2002,2,4,1,1,1,0,1
Zimbabwe,2017,549,1041,421,388,161,260,128
Yemen,2016,130,235,107,81,49,58,23
Togo,2005,1,13,0,1,0,0,1
Uruguay,2003,68,125,49,44,24,25,19
Slovenia,2012,1359,1895,1044,999,360,684,315
Trinidad and Tobago,2001,0,1,0,0,0,0,0
Sweden,2006,4833,13642,2968,2941,1892,1076,1865
Tunisia,2013,581,1991,365,407,174,191,216
South Africa,2010,4904,6202,3236,3674,1230,2006,1668
Chad,2010,1,5,1,1,0,1,0
South Sudan,2021,23,11,23,4,19,4,0
Uruguay,2000,31,90,20,19,12,8,11
Tanzania,2008,148,203,113,97,51,62,35
Eswatini,2020,67,67,62,22,45,17,5
Turkmenistan,2020,2,1,1,1,1,0,1
Syria,2008,20,60,17,12,8,9,3
Togo,2006,3,15,2,1,2,0,1
Uzbekistan,2012,47,186,31,36,11,20,16
Saint Vincent and the Grenadines,2013,0,2,0,0,0,0,0
Syria,2014,93,90,82,44,49,33,11
South Sudan,2009,3,9,2,1,2,0,1
Slovenia,2007,550,1548,315,351,199,116,235
Venezuela,2015,639,464,547,408,231,316,92
Ukraine,2004,263,2088,125,198,65,60,138
Serbia,2009,576,1807,461,350,226,235,115
Slovenia,2010,838,1707,555,596,242,313,283
Zambia,2020,527,146,468,401,126,342,59
Vietnam,2001,12,40,7,7,5,2,5
Slovenia,2018,2210,1907,1743,1572,638,1105,467
Tanzania,2005,47,145,37,21,26,11,10
Trinidad and Tobago,2009,5,60,5,2,3,2,0
East Timor,2020,2,0,2,1,1,1,0
Tanzania,2000,15,96,14,4,11,3,1
Vietnam,2008,107,392,68,64,43,25,39
Slovakia,2008,516,1164,314,308,208,106,202
Chad,2006,1,9,1,1,0,1,0
Tanzania,2007,79,158,64,44,35,29,15
Sweden,2019,26471,13613,20253,21525,4946,15307,6218
Zambia,2018,353,117,290,294,59,231,63
Uganda,2014,804,332,600,701,103,497,204
Thailand,2010,1537,4809,1197,895,642,555,340
Uganda,2016,954,351,753,809,145,608,201
Saint Vincent and the Grenadines,2021,6,0,6,6,0,6,0
Uruguay,2002,52,123,28,38,14,14,24
Turkmenistan,2021,3,1,3,1,2,1,0
Trinidad and Tobago,2008,0,23,0,0,0,0,0
Ukraine,2009,523,2384,338,318,205,133,185
Ukraine,2014,2097,3279,1747,1030,1067,680,350
Taiwan,2019,13752,19797,12219,9369,4383,7836,1533
Holy See,2021,4,0,4,1,3,1,0
South Sudan,2011,3,3,2,2,1,1,1
Eswatini,2021,48,52,46,26,22,24,2
Somalia,2004,0,1,0,0,0,0,0
Uganda,2006,113,235,92,63,50,42,21
Syria,2010,47,81,37,27,20,17,10
Togo,2009,7,22,5,5,2,3,2
Tunisia,2007,43,287,31,21,22,9,12
Serbia,2000,71,511,59,26,45,14,12
Suriname,2005,1,1,0,1,0,0,1
Eswatini,2018,34,33,24,20,14,10,10
South Sudan,2002,0,1,0,0,0,0,0
Sint Maarten,2017,10,9,9,8,2,7,1
Zimbabwe,2014,312,644,242,227,85,157,70
Turkey,2009,3884,13578,2698,2248,1636,1062,1186
Uruguay,2020,1039,663,861,621,418,443,178
Venezuela,2021,937,366,855,435,502,353,82
Venezuela,2019,826,349,719,516,310,409,107
Chad,2015,8,6,5,6,2,3,3
Slovenia,2004,330,949,206,195,135,71,124
Suriname,2002,0,4,0,0,0,0,0
Slovenia,2021,3297,1611,2823,2527,770,2053,474
Taiwan,2016,11266,21865,9808,7630,3636,6172,1458
Ukraine,2018,5928,4573,5361,2558,3370,1991,567
Tajikistan,2015,19,41,14,12,7,7,5
South Sudan,2003,0,4,0,0,0,0,0
Togo,2012,24,39,22,16,8,14,2
South Sudan,2020,18,12,17,6,12,5,1
Virgin Islands,2003,1,8,0,1,0,0,1
Tunisia,2006,37,221,27,20,17,10,10
Zambia,2003,15,30,7,13,2,5,8
Virgin Islands,2000,0,3,0,0,0,0,0
Tanzania,2016,609,328,512,510,99,413,97
Holy See,2004,0,1,0,0,0,0,0
Ukraine,2016,3321,3669,2906,1642,1679,1227,415
Tajikistan,2008,3,17,3,2,1,2,0
Slovakia,2020,2944,2335,2620,1681,1263,1357,324
Yemen,2013,81,319,60,54,27,33,21
Tajikistan,2017,29,38,24,15,14,10,5
Uruguay,2014,446,464,337,342,104,233,109
Slovakia,2015,1784,2368,1539,979,805,734,245
Turkey,2005,1845,9658,1225,1032,813,412,620
Suriname,2006,1,1,0,1,0,0,1
South Sudan,2006,3,1,3,3,0,3,0
Turkey,2001,841,4659,548,418,423,125,293
Turkey,2018,14395,20039,11503,9698,4697,6806,2892
Zambia,2001,9,36,7,3,6,1,2
Syria,2006,8,33,4,7,1,3,4
Venezuela,2020,1073,479,944,532,541,403,129
Syria,2018,174,110,158,95,79,79,16
Uzbekistan,2016,103,185,65,74,29,36,38
Eswatini,2015,17,20,16,10,7,9,1
Uruguay,2008,153,239,101,121,32,69,52
Turkmenistan,2019,1,2,1,0,1,0,0
Sint Maarten,2004,2,4,2,0,2,0,0
Tunisia,2017,1202,4022,855,801,401,454,347
Togo,2020,113,57,94,65,48,46,19
Venezuela,2005,202,545,152,107,95,57,50
Zambia,2015,263,92,202,238,25,177,61
Sweden,2003,3507,10952,2314,1904,1603,711,1193
Slovenia,2019,2570,1825,2020,1810,760,1260,550
Eswatini,2007,6,11,4,4,2,2,2
Chad,2004,0,4,0,0,0,0,0
Saint Vincent and the Grenadines,2020,16,3,12,11,5,7,4
Zambia,2007,49,62,36,36,13,23,13
Slovakia,2019,2641,2548,2338,1375,1266,1072,303
Thailand,2012,2769,5586,2295,1561,1208,1087,474
Tunisia,2005,27,166,17,16,11,6,10
Uruguay,2019,892,626,720,568,324,396,172
South Africa,2004,1633,3365,1271,896,737,534,362
Suriname,2007,0,2,0,0,0,0,0
Yemen,2014,99,290,83,69,30,53,16
Venezuela,2007,237,592,182,146,91,91,55
Uzbekistan,2019,267,266,208,135,132,76,59
Zambia,2006,22,65,12,17,5,7,10
Slovakia,2002,170,751,114,91,79,35,56
Thailand,2020,7597,8134,6742,5102,2495,4247,855
Slovakia,2009,566,1313,361,353,213,148,205
Slovenia,2002,292,763,193,151,141,52,99
Sweden,2013,13985,17012,9091,11256,2729,6362,4894
Suriname,2014,8,1,6,5,3,3,2
Vietnam,2006,53,225,40,28,25,15,13
Tajikistan,2003,3,10,3,1,2,1,0
Vietnam,2012,366,1017,284,205,161,123,82
Turkey,2019,14682,22473,11841,8876,5806,6035,2841
Turkmenistan,2015,0,2,0,0,0,0,0
Ukraine,2002,152,2174,88,102,50,38,64
Sweden,2010,8949,15789,5295,6788,2161,3134,3654
Zimbabwe,2019,792,1213,646,502,290,356,146
Togo,2013,18,41,15,17,1,14,3
Thailand,2016,4271,6813,3624,2708,1563,2061,647
Trinidad and Tobago,2018,18,29,17,10,8,9,1
Chad,2011,2,6,2,2,0,2,0
Uzbekistan,2021,643,388,602,360,283,319,41
Vietnam,2015,846,1868,640,535,311,329,206
Taiwan,2002,2117,8090,988,1373,744,244,1129
Slovakia,2006,304,1132,180,190,114,66,124
Vietnam,2020,4583,7198,3886,2680,1903,1983,697
Uruguay,2021,1005,644,837,603,402,435,168
Turkey,2000,638,3683,391,356,282,109,247
Zimbabwe,2008,58,257,42,39,19,23,16
Tunisia,2009,112,514,88,55,57,31,24
Uruguay,2004,71,146,49,44,27,22,22
Taiwan,2010,6861,24876,4249,4317,2544,1705,2612
Virgin Islands,2008,4,14,2,3,1,1,2
Turkmenistan,2012,0,1,0,0,0,0,0
Zimbabwe,2006,33,175,22,22,11,11,11
South Africa,2019,14615,12675,11801,10314,4301,7500,2814
Turkey,2008,2950,12107,1940,1856,1094,846,1010
Chad,2013,6,3,4,5,1,3,2
Togo,2010,15,33,7,14,1,6,8
Uganda,2018,1131,405,930,974,157,773,201
Venezuela,2003,176,476,140,95,81,59,36
Trinidad and Tobago,2007,2,17,2,1,1,1,0
Eswatini,2005,2,13,0,2,0,0,2
Yemen,2015,97,215,81,66,31,50,16
Tunisia,2016,1057,3692,759,694,363,396,298
Serbia,2018,3136,2794,2611,2087,1049,1562,525
Suriname,2010,1,2,1,1,0,1,0
South Africa,2009,4011,5875,2577,2941,1070,1507,1434
Thailand,2001,193,976,137,85,108,29,56
Trinidad and Tobago,2017,15,20,14,10,5,9,1
South Africa,2002,1148,2632,921,578,570,351,227
United States,2009,180383,320602,88354,143622,36761,51593,92029
Virgin Islands,2009,4,8,2,3,1,1,2
Uruguay,2018,791,652,656,530,261,395,135
Eswatini,2006,5,17,5,0,5,0,0
Somalia,2021,16,7,14,12,4,10,2
Virgin Islands,2016,2,10,1,2,0,1,1
Togo,2003,1,12,0,1,0,0,1
Virgin Islands,2010,0,8,0,0,0,0,0
Trinidad and Tobago,2006,0,6,0,0,0,0,0
Taiwan,2000,1649,6875,687,1092,557,130,962
Turkey,2013,9148,17272,6966,5895,3253,3713,2182
Serbia,2012,1574,2951,1311,1125,449,862,263
Eswatini,2014,17,13,15,8,9,6,2
Thailand,2000,197,891,158,61,136,22,39
Sweden,2005,4389,11890,2863,2561,1828,1035,1526
Serbia,2015,2401,3427,1961,1765,636,1325,440
Sweden,2018,24178,14138,18047,19429,4749,13298,6131
Uzbekistan,2005,28,175,14,18,10,4,14
Turkey,2007,2607,13030,1589,1571,1036,553,1018
Virgin Islands,2011,1,18,0,1,0,0,1
Samoa,2019,5,8,2,5,0,2,3
South Africa,2012,7635,7611,5491,5977,1658,3833,2144
Uzbekistan,2004,19,184,11,15,4,7,8
Saint Vincent and the Grenadines,2011,1,0,1,0,1,0,0
Zimbabwe,2021,978,1250,865,573,405,460,113
Virgin Islands,2013,2,21,1,1,1,0,1
Slovakia,2000,145,661,91,74,71,20,54
Yemen,2000,3,20,3,0,3,0,0
Uganda,2000,17,84,8,11,6,2,9
Yemen,2012,79,221,58,57,22,36,21
Suriname,2017,24,13,19,17,7,12,5
Zimbabwe,2001,45,150,30,29,16,14,15
Suriname,2004,0,3,0,0,0,0,0
Togo,2021,137,61,124,77,60,64,13
Chad,2017,9,4,7,7,2,5,2
Uganda,2019,1234,399,1026,1019,215,811,208
Thailand,2004,412,1691,304,176,236,68,108
Somalia,2020,6,6,5,2,4,1,1
United States,2000,64151,210157,42460,32833,31318,11142,21691
United States,2016,317424,351871,213844,236414,81010,132834,103580
Yemen,2002,2,10,2,0,2,0,0
Eswatini,2000,1,24,1,0,1,0,0
Yemen,2004,8,28,3,6,2,1,5
Ukraine,2005,303,2266,155,204,99,56,148
South Sudan,2001,1,0,1,0,1,0,0
Somalia,2006,0,1,0,0,0,0,0
Vietnam,2019,3056,5338,2512,1919,1137,1375,544
Yemen,2020,331,289,310,142,189,121,21
Syria,2019,202,133,187,119,83,104,15
Turkmenistan,2017,1,3,1,1,0,1,0
Venezuela,2017,788,461,674,546,242,432,114
Venezuela,2001,122,459,98,53,69,29,24
Tajikistan,2001,2,13,2,1,1,1,0
South Africa,2015,10687,9631,7947,8321,2366,5581,2740
Chad,2009,3,5,1,2,1,0,2
United States,2012,229279,348915,127958,184096,45183,82775,101321
Slovenia,2008,618,1600,384,406,212,172,234
Togo,2017,52,45,48,34,18,30,4
Ukraine,2013,1416,3067,1105,777,639,466,311
Virgin Islands,2015,2,15,1,2,0,1,1
Sweden,2014,16004,17103,10739,13077,2927,7812,5265
Uruguay,2006,87,166,62,58,29,33,25
Zimbabwe,2002,20,145,16,8,12,4,4
Uzbekistan,2009,36,225,20,28,8,12,16
Uzbekistan,2018,112,196,73,81,31,42,39
Vietnam,2011,261,801,207,128,133,74,54
Uruguay,2005,81,138,54,57,24,30,27
East Timor,2019,1,0,1,1,0,1,0
Chad,2007,0,8,0,0,0,0,0
Taiwan,2004,3021,10591,1434,2011,1010,424,1587
Tunisia,2021,1971,3467,1615,1235,736,879,356
Sweden,2001,2955,10175,2059,1449,1506,553,896
Slovakia,2007,366,1152,203,229,137,66,163
Uruguay,2012,313,334,239,239,74,165,74
Virgin Islands,2017,3,18,1,2,1,0,2
Uganda,2002,42,120,34,17,25,9,8
Tanzania,2014,549,324,468,458,91,377,81
Taiwan,2015,11030,22736,9622,7016,4014,5608,1408
Virgin Islands,2014,5,20,2,3,2,0,3
Uzbekistan,2000,8,160,2,8,0,2,6
Thailand,2011,1919,5118,1587,1067,852,735,332
Suriname,2013,6,12,5,5,1,4,1
Slovakia,2018,2239,2446,1864,1278,961,903,375
Samoa,2013,0,4,0,0,0,0,0
Sint Maarten,2005,1,10,1,0,1,0,0
Sint Maarten,2020,36,11,34,32,4,30,2
Chad,2002,1,3,0,1,0,0,1
Somalia,2017,7,5,7,6,1,6,0
Saint Vincent and the Grenadines,2017,7,3,5,6,1,4,2
Tanzania,2021,1105,431,1035,741,364,671,70
Zambia,2019,364,125,303,292,72,231,61
Slovenia,2015,1870,2054,1488,1325,545,943,382
Trinidad and Tobago,2004,1,1,1,0,1,0,0
Virgin Islands,2006,1,2,0,1,0,0,1
Tanzania,2009,250,238,213,157,93,120,37
Tajikistan,2004,2,15,2,0,2,0,0
Vietnam,2002,21,53,16,5,16,0,5
Syria,2017,132,101,117,79,53,64,15
Tunisia,2004,15,119,15,3,12,3,0
Serbia,2017,2831,2892,2316,2041,790,1526,515
Uganda,2008,195,200,152,132,63,89,43
Tajikistan,2013,16,34,14,8,8,6,2
Slovenia,2014,1543,2055,1240,1070,473,767,303
United States,2011,211407,337456,112796,168698,42709,70087,98611
Ukraine,2006,328,2399,162,222,106,56,166
Yemen,2009,21,79,18,12,9,9,3
Togo,2007,3,17,2,2,1,1,1
Syria,2016,124,97,113,79,45,68,11
Zambia,2010,111,63,84,102,9,75,27
Slovakia,2003,175,785,106,96,79,27,69
Taiwan,2013,9659,27372,7863,6241,3418,4445,1796
Slovenia,2020,3265,1844,2676,2363,902,1774,589
Ukraine,2011,729,2770,489,458,271,218,240
Chad,2001,4,3,0,4,0,0,4
Taiwan,2008,5743,21048,3046,3720,2023,1023,2697
South Africa,2020,17348,13219,14170,11683,5665,8505,3178
Suriname,2009,1,0,0,1,0,0,1
Virgin Islands,2007,1,13,0,1,0,0,1
Tanzania,2011,260,248,211,224,36,175,49
Samoa,2016,7,3,4,4,3,1,3
Sint Maarten,2003,0,2,0,0,0,0,0
Taiwan,2001,1854,7688,771,1243,611,160,1083
Samoa,2014,1,4,1,1,0,1,0
South Sudan,2016,7,1,7,7,0,7,0
Uganda,2017,1048,341,870,897,151,719,178
Taiwan,2005,3661,12605,1781,2457,1204,577,1880
South Sudan,2005,0,7,0,0,0,0,0
Uzbekistan,2001,13,191,10,5,8,2,3
Sweden,2011,10502,15591,6334,8292,2210,4124,4168
Venezuela,2014,570,446,487,405,165,322,83
Ukraine,2007,375,2720,185,254,121,64,190
Somalia,2011,1,1,0,1,0,0,1
Trinidad and Tobago,2013,13,19,11,8,5,6,2
Zambia,2013,166,70,124,147,19,105,42
Yemen,2007,7,53,4,4,3,1,3
Togo,2008,7,20,7,4,3,4,0
Tanzania,2006,72,157,54,36,36,18,18
Venezuela,2004,171,479,129,88,83,46,42
Uganda,2007,143,229,112,92,51,61,31
Turkey,2011,5649,14711,4211,3324,2325,1886,1438
Uganda,2009,257,295,195,215,42,153,62
South Africa,2001,996,2348,795,465,531,264,201
Samoa,2015,5,1,5,0,5,0,0
Vietnam,2009,205,476,149,97,108,41,56
Syria,2005,12,31,8,5,7,1,4
Vietnam,2010,219,638,143,127,92,51,76
Turkey,2010,4860,13647,3491,2815,2045,1446,1369
Tunisia,2003,18,100,10,11,7,3,8
Tunisia,2000,16,58,8,10,6,2,8
Thailand,2009,1274,4426,957,762,512,445,317
Zimbabwe,2000,32,174,28,11,21,7,4
Suriname,2003,0,2,0,0,0,0,0
Virgin Islands,2005,1,5,1,0,1,0,0
Serbia,2013,1811,3225,1448,1289,522,926,363
Sint Maarten,2006,2,11,2,1,1,1,0
Zambia,2002,10,35,8,8,2,6,2
Vietnam,2014,717,1562,569,410,307,262,148
Serbia,2010,782,1907,616,532,250,366,166
Samoa,2021,19,7,15,13,6,9,4
Thailand,2018,5514,7819,4725,3618,1896,2829,789
Chad,2020,12,9,12,8,4,8,0
Tajikistan,2007,3,23,3,1,2,1,0
Uruguay,2010,199,304,141,141,58,83,58
Tunisia,2001,9,74,9,1,8,1,0
Syria,2013,75,103,57,51,24,33,18
South Sudan,2008,2,6,2,1,1,1,0
Samoa,2020,9,5,8,8,1,7,1
Ukraine,2017,4159,3792,3730,1959,2200,1530,429
Zimbabwe,2016,456,885,330,299,157,173,126
Tanzania,2019,840,346,714,658,182,532,126
Zimbabwe,2003,23,150,14,12,11,3,9
Chad,2003,1,8,1,0,1,0,0
Slovakia,2011,739,1537,570,475,264,306,169
Trinidad and Tobago,2012,1,24,1,1,0,1,0
Zimbabwe,2010,93,216,62,75,18,44,31
Sint Maarten,2002,0,2,0,0,0,0,0
Uruguay,2016,576,541,468,396,180,288,108
South Africa,2017,13710,11018,10663,10651,3059,7604,3047
Chad,2018,10,2,9,5,5,4,1
Samoa,2000,0,1,0,0,0,0,0
Sint Maarten,2018,14,15,11,11,3,8,3
South Africa,2021,16566,12357,13971,10965,5601,8370,2595
Ukraine,2003,201,2178,94,147,54,40,107
Sweden,2021,31697,9550,26445,25634,6063,20382,5252
Virgin Islands,2012,2,17,0,2,0,0,2
Taiwan,2014,10312,25047,8793,6584,3728,5065,1519
Yemen,2019,216,291,199,95,121,78,17
Sweden,2002,3182,10233,2169,1624,1558,611,1013
Zambia,2005,21,43,19,12,9,10,2
Somalia,2012,1,1,1,1,0,1,0
Somalia,2008,0,1,0,0,0,0,0
Virgin Islands,2020,4,13,1,3,1,0,3
Yemen,2001,7,21,7,2,5,2,0
East Timor,2010,1,0,1,1,0,1,0
Taiwan,2007,5006,18868,2504,3193,1813,691,2502
Tunisia,2010,139,616,101,83,56,45,38
Sint Maarten,2000,0,1,0,0,0,0,0
Venezuela,2018,830,379,716,526,304,412,114
Saint Vincent and the Grenadines,2014,3,3,2,3,0,2,1
Serbia,2019,3928,2900,3316,2509,1419,1897,612
Thailand,2013,2867,6091,2434,1843,1024,1410,433
Chad,2005,3,11,2,3,0,2,1
Togo,2004,3,12,2,1,2,0,1
Sweden,2016,19390,17089,13558,15982,3408,10150,5832
Thailand,2006,683,2880,512,306,377,135,171
Somalia,2016,2,3,2,1,1,1,0
East Timor,2021,1,2,1,0,1,0,0
Tajikistan,2018,70,53,65,39,31,34,5
Turkey,2004,1649,8980,1108,869,780,328,541
Eswatini,2019,54,42,50,23,31,19,4
Somalia,2010,0,2,0,0,0,0,0
Slovenia,2009,740,1760,484,492,248,236,256
Virgin Islands,2002,0,2,0,0,0,0,0
Yemen,2003,4,17,3,2,2,1,1
Serbia,2002,235,536,187,128,107,80,48
Togo,2015,31,52,25,24,7,18,6
Serbia,2020,4151,2988,3614,2389,1762,1852,537
Saint Vincent and the Grenadines,2018,4,1,4,4,0,4,0
Slovenia,2013,1353,2190,1018,1001,352,666,335
Sweden,2008,6676,14383,4312,4304,2372,1940,2364
Slovakia,2013,1159,2044,979,666,493,486,180
Togo,2018,96,62,86,63,33,53,10
United States,2019,377002,357616,261972,285613,91389,170583,115030
United States,2003,78415,241322,49793,44498,33917,15876,28622
United States,2006,111221,305368,64229,70939,40282,23947,46992
Virgin Islands,2001,0,2,0,0,0,0,0
Sint Maarten,2008,0,5,0,0,0,0,0
Saint Vincent and the Grenadines,2016,5,3,5,3,2,3,0
Tanzania,2002,21,75,17,4,17,0,4
Sweden,2017,21430,15179,15329,17639,3791,11538,6101
Sweden,2015,17384,17147,11989,14227,3157,8832,5395
Trinidad and Tobago,2016,12,15,10,8,4,6,2
Vietnam,2016,1129,2309,852,695,434,418,277
Trinidad and Tobago,2005,0,1,0,0,0,0,0
Venezuela,2016,691,420,597,467,224,373,94
Zambia,2021,580,168,515,446,134,381,65
Yemen,2005,5,25,2,5,0,2,3
Syria,2011,60,98,51,28,32,19,9
Slovakia,2012,1224,1754,1021,693,531,490,203
Serbia,2021,3925,2493,3484,2325,1600,1884,441
Suriname,2016,30,7,25,16,14,11,5
Serbia,2014,2146,3151,1720,1618,528,1192,426
Zambia,2014,204,80,157,176,28,129,47
Togo,2016,48,41,40,37,11,29,8
Zimbabwe,2020,962,1361,793,566,396,397,169
Tunisia,2015,849,3033,595,547,302,293,254
Tunisia,2018,1350,3874,922,915,435,487,428
Tanzania,2015,565,318,490,465,100,390,75
Tajikistan,2002,5,14,5,2,3,2,0
Slovenia,2005,426,1171,236,266,160,76,190
Trinidad and Tobago,2021,51,33,50,28,23,27,1
United States,2021,393559,336519,291696,298026,95533,196163,101863
Yemen,2008,28,44,24,22,6,18,4
Syria,2003,6,23,3,4,2,1,3
Tajikistan,2016,13,47,13,5,8,5,0
Ukraine,2021,7434,4181,6970,2792,4642,2328,464
Tanzania,2010,243,221,203,193,50,153,40
Tajikistan,2014,11,30,9,8,3,6,2
Turkmenistan,2016,0,6,0,0,0,0,0
Sint Maarten,2007,5,4,4,4,1,3,1
Zimbabwe,2005,43,119,32,22,21,11,11
Turkey,2006,2206,11001,1360,1316,890,470,846
Thailand,2003,318,1480,258,114,204,54,60
Tanzania,2003,18,100,14,8,10,4,4
Turkmenistan,2000,1,2,1,0,1,0,0
Sint Maarten,2013,3,5,3,2,1,2,0
Uzbekistan,2003,22,194,8,19,3,5,14
Tajikistan,2012,4,24,2,3,1,1,2
Eswatini,2008,2,21,2,1,1,1,0
Thailand,2015,3686,6542,3136,2401,1285,1851,550
Tajikistan,2011,9,32,7,5,4,3,2
Yemen,2011,59,207,46,30,29,17,13
Serbia,2006,263,977,222,137,126,96,41
Taiwan,2021,17498,17702,15854,12560,4938,10916,1644
Uzbekistan,2015,61,187,34,52,9,25,27
South Africa,2014,10577,9061,8018,8215,2362,5656,2559
Sint Maarten,2010,2,0,2,2,0,2,0
Uzbekistan,2014,54,201,31,40,14,17,23
Sint Maarten,2019,13,7,13,11,2,11,0
Turkey,2017,13504,18875,10576,9019,4485,6091,2928
Uganda,2003,45,127,35,27,18,17,10
Zimbabwe,2012,191,388,147,144,47,100,44
Syria,2000,8,13,6,3,5,1,2
Tanzania,2013,392,265,332,331,61,271,60
Sweden,2004,3903,11160,2592,2166,1737,855,1311
Slovenia,2001,210,785,116,120,90,26,94
Eswatini,2013,24,10,19,15,9,10,5
Samoa,2017,4,6,4,1,3,1,0
Somalia,2015,4,5,4,4,0,4,0
Taiwan,2017,11762,19807,10231,8094,3668,6563,1531
Eswatini,2016,23,21,20,14,9,11,3
Uganda,2011,407,316,319,347,60,259,88
Taiwan,2011,7925,26483,5409,4978,2947,2462,2516
Holy See,2018,2,1,0,2,0,0,2
Suriname,2012,5,3,4,5,0,4,1
Turkey,2002,1000,5697,662,526,474,188,338
Tajikistan,2006,4,24,4,1,3,1,0
Turkmenistan,2006,0,2,0,0,0,0,0
Taiwan,2020,16439,20094,14747,11308,5131,9616,1692
United States,2005,97577,274795,58496,60416,37161,21335,39081
United States,2004,87986,258209,55307,51336,36650,18657,32679
United States,2013,247067,359638,139704,200073,46994,92710,107363
South Sudan,2004,0,1,0,0,0,0,0
Uruguay,2011,291,338,209,212,79,130,82
Turkmenistan,2013,1,0,1,0,1,0,0
Thailand,2017,4896,7308,4133,3037,1859,2274,763
Zimbabwe,2013,234,670,181,158,76,105,53
Zimbabwe,2011,139,319,107,107,32,75,32
Uganda,2013,644,310,500,537,107,393,144
United States,2002,71091,224485,46173,38711,32380,13793,24918
Sint Maarten,2011,2,0,2,2,0,2,0
Uruguay,2017,644,600,533,464,180,353,111
Saint Vincent and the Grenadines,2019,5,0,5,4,1,4,0
Uganda,2004,71,170,55,31,40,15,16
Holy See,2010,0,1,0,0,0,0,0
Uganda,2001,39,91,24,19,20,4,15
Uzbekistan,2002,11,191,7,7,4,3,4
Chad,2012,2,5,0,2,0,0,2
Ukraine,2001,195,2195,105,125,70,35,90
Slovenia,2011,1020,2011,733,732,288,445,287
Somalia,2014,2,5,2,2,0,2,0
Zambia,2000,3,29,3,1,2,1,0
Thailand,2005,538,2059,414,232,306,108,124
Sint Maarten,2016,8,4,7,6,2,5,1
Eswatini,2003,3,9,2,2,1,1,1
Sint Maarten,2012,0,2,0,0,0,0,0
Suriname,2020,31,11,24,26,5,19,7
Suriname,2018,19,12,14,16,3,11,5
Eswatini,2012,14,14,10,12,2,8,4
Ukraine,2008,445,2560,244,296,149,95,201
Syria,2001,4,21,3,1,3,0,1
Suriname,2021,35,10,31,30,5,26,4
Ukraine,2015,2307,3339,1936,1195,1112,824,371
Chad,2000,0,1,0,0,0,0,0
Vietnam,2017,1434,2878,1079,938,496,583,355
Togo,2019,100,56,88,60,40,48,12
Vietnam,2003,25,83,23,5,20,3,2
Thailand,2002,277,1228,230,86,191,39,47
Venezuela,2013,499,443,443,336,163,280,56
Tanzania,2001,35,70,34,3,32,2,1
Slovenia,2016,1949,2070,1537,1474,475,1062,412
Slovenia,2003,311,995,194,162,149,45,117
Tunisia,2014,663,2460,476,419,244,232,187
Sweden,2020,31604,11647,25673,25810,5794,19879,5931
Uganda,2010,340,305,257,279,61,196,83
Turkmenistan,2004,0,2,0,0,0,0,0
Serbia,2005,295,943,244,171,124,120,51
Samoa,2010,1,4,1,0,1,0,0
Uzbekistan,2008,31,224,18,27,4,14,13
Holy See,2017,1,0,1,1,0,1,0
Syria,2021,438,196,419,289,149,270,19
Sweden,2009,7988,19410,5072,5291,2697,2375,2916
Samoa,2011,0,3,0,0,0,0,0
Vietnam,2013,484,1334,383,278,206,177,101
Turkey,2012,7350,15167,5620,4562,2788,2832,1730
Ukraine,2020,10397,5796,9774,3062,7335,2439,623
Slovakia,2010,681,1369,467,400,281,186,214
South Sudan,2010,5,4,4,3,2,2,1
Trinidad and Tobago,2011,5,30,5,1,4,1,0
Slovakia,2016,2099,2428,1817,1159,940,877,282
Tanzania,2012,350,238,303,291,59,244,47
Turkey,2021,16787,26913,13741,9744,7043,6698,3046
Chad,2014,5,5,4,2,3,1,1
South Africa,2013,8935,8249,6358,7006,1929,4429,2577
Somalia,2013,3,1,1,2,1,0,2
Serbia,2016,2700,3227,2209,2010,690,1519,491
Sint Maarten,2014,6,6,6,5,1,5,0
Thailand,2007,807,3321,604,398,409,195,203
Samoa,2018,4,5,4,1,3,1,0
Taiwan,2006,4498,16352,2273,2806,1692,581,2225
Ukraine,2012,1080,2579,826,608,472,354,254
Turkey,2016,16669,20549,12537,12083,4586,7951,4132
Slovakia,2017,2305,2294,2002,1220,1085,917,303
United States,2014,267195,362182,161252,212574,54621,106631,105943
United States,2008,153193,308564,76140,118668,34525,41615,77053
United States,2018,349416,346009,237910,268185,81231,156679,111506
United States,2010,197595,334487,101546,155514,42081,59465,96049
United States,2007,126005,312307,68415,86836,39169,29246,57590
Sweden,2012,12263,16283,7796,9764,2499,5297,4467
Serbia,2001,91,487,76,32,59,17,15
South Africa,2018,13750,11272,10617,10537,3213,7404,3133
Yemen,2010,41,115,29,25,16,13,12
Suriname,2015,14,11,12,11,3,9,2
Zambia,2009,72,61,52,64,8,44,20
Uruguay,2009,166,252,94,125,41,53,72
Tajikistan,2019,87,70,82,49,38,44,5
Taiwan,2012,9157,25574,6934,5995,3162,3772,2223
Eswatini,2001,2,7,2,1,1,1,0
Syria,2012,114,111,95,54,60,35,19
Slovakia,2014,1514,2689,1311,802,712,599,203
Uzbekistan,2007,31,241,14,24,7,7,17
Sweden,2007,5457,14189,3336,3443,2014,1322,2121
East Timor,2018,1,0,1,1,0,1,0
Liberia,2013,4,4,3,2,2,1,1
Jersey,2015,10,4,6,6,4,2,4
Latvia,2014,533,988,416,289,244,172,117
Laos,2019,110,74,97,78,32,65,13
Hungary,2001,832,2544,440,539,293,147,392
Liberia,2014,4,4,3,3,1,2,1
North Macedonia,2015,227,145,202,135,92,110,25
Montenegro,2009,36,77,27,27,9,18,9
Montenegro,2001,4,23,1,3,1,0,3
Saint Lucia,2017,4,0,4,1,3,1,0
Indonesia,2020,52340,9607,51449,6846,45494,5955,891
Mali,2007,82,15,14,81,1,13,68
Montenegro,2017,163,176,131,114,49,82,32
Lesotho,2010,12,30,4,8,4,0,8
Mexico,2006,1966,4722,1399,1224,742,657,567
Maldives,2015,1,3,0,1,0,0,1
Maldives,2009,1,1,1,0,1,0,0
Italy,2003,7087,21135,4226,4526,2561,1665,2861
India,2001,2055,10076,1089,1230,825,264,966
Libya,2004,1,5,0,1,0,0,1
Iraq,2008,28,151,25,13,15,10,3
Sri Lanka,2017,1422,932,1299,794,628,671,123
Kenya,2000,79,266,52,41,38,14,27
Madagascar,2019,88,40,67,71,17,50,21
Hungary,2004,964,3009,588,634,330,258,376
Maldives,2021,15,6,14,11,4,10,1
Jersey,2006,2,12,2,0,2,0,0
India,2003,2599,12582,1496,1487,1112,384,1103
Jersey,2020,15,5,14,15,0,14,1
Kuwait,2009,126,570,103,61,65,38,23
Moldova,2000,6,76,3,3,3,0,3
Luxembourg,2012,406,473,163,358,48,115,243
Haiti,2015,2,1,1,2,0,1,1
Montenegro,2005,17,32,11,11,6,5,6
Myanmar,2001,0,18,0,0,0,0,0
Jamaica,2010,175,361,138,115,60,78,37
Kenya,2002,127,305,88,60,67,21,39
Malta,2004,12,33,6,7,5,1,6
Moldova,2016,83,210,54,57,26,28,29
Madagascar,2003,4,14,2,2,2,0,2
Lebanon,2021,1834,1579,1542,1397,437,1105,292
Latvia,2018,965,1056,821,496,469,352,144
Italy,2014,32013,43481,20542,26662,5351,15191,11471
Lesotho,2015,14,21,11,10,4,7,3
Malta,2005,28,56,9,23,5,4,19
Latvia,2021,1221,1112,1119,635,586,533,102
Moldova,2021,77,72,65,36,41,24,12
Sri Lanka,2011,668,458,607,419,249,358,61
Liberia,2019,10,3,10,8,2,8,0
Libya,2000,7,4,7,0,7,0,0
Luxembourg,2020,1168,516,666,1031,137,529,502
Myanmar,2005,6,17,4,2,4,0,2
Mongolia,2015,82,144,67,42,40,27,15
Israel,2009,4206,10236,2465,3000,1206,1259,1741
Kuwait,2011,215,519,192,97,118,74,23
Mali,2020,251,84,197,234,17,180,54
Malta,2003,17,38,11,11,6,5,6
Libya,2021,252,268,218,137,115,103,34
Myanmar,2006,9,14,7,3,6,1,2
Kazakhstan,2001,4,29,4,2,2,2,0
Kuwait,2020,886,856,772,590,296,476,114
Hungary,2012,2870,4428,1823,2217,653,1170,1047
Lebanon,2000,55,225,36,25,30,6,19
Mexico,2018,13829,10761,11884,8573,5256,6628,1945
Saint Kitts and Nevis,2011,5,4,5,4,1,4,0
Iraq,2003,10,45,9,2,8,1,1
Liberia,2020,19,2,14,15,4,10,5
Italy,2020,65020,46558,48936,55110,9910,39026,16084
Kazakhstan,2012,139,214,89,73,66,23,50
Sri Lanka,2000,49,105,47,14,35,12,2
Mexico,2011,4293,6224,3380,2997,1296,2084,913
Cambodia,2003,51,129,39,20,31,8,12
Lesotho,2017,15,14,14,9,6,8,1
Monaco,2018,8,18,5,5,3,2,3
Latvia,2016,701,1109,528,391,310,218,173
Iran,2018,17182,32441,14736,9695,7487,7249,2446
Jersey,2005,3,9,2,1,2,0,1
North Macedonia,2018,263,181,219,172,91,128,44
Iran,2013,8306,21778,6707,5048,3258,3449,1599
Israel,2010,4699,9926,2744,3461,1238,1506,1955
Israel,2005,2793,7722,1669,1752,1041,628,1124
Lebanon,2017,1027,1447,763,772,255,508,264
Myanmar,2014,20,38,16,14,6,10,4
Indonesia,2005,382,363,344,127,255,89,38
Kyrgyzstan,2021,168,302,162,55,113,49,6
Jordan,2013,652,1558,549,385,267,282,103
Cambodia,2021,1448,1297,1310,914,534,776,138
Indonesia,2001,188,243,176,62,126,50,12
Maldives,2017,3,0,3,3,0,3,0
Mali,2004,42,11,6,39,3,3,36
Jordan,2010,344,1239,242,199,145,97,102
Myanmar,2017,45,94,40,32,13,27,5
Hungary,2011,2468,4330,1495,1890,578,917,973
Saint Lucia,2016,2,4,2,1,1,1,0
Mongolia,2021,336,299,305,178,158,147,31
Sri Lanka,2012,604,544,540,366,238,302,64
Saint Lucia,2002,0,1,0,0,0,0,0
Sri Lanka,2007,135,350,111,67,68,43,24
Croatia,2016,2235,1777,1874,1659,576,1298,361
South Korea,2012,23078,44221,18971,12452,10626,8345,4107
Iran,2009,2439,12797,1822,1353,1086,736,617
Italy,2011,20083,37480,12006,15894,4189,7817,8077
Liberia,2010,1,0,1,1,0,1,0
Jamaica,2014,402,419,270,269,133,137,132
Cambodia,2002,65,77,52,22,43,9,13
Lithuania,2007,255,598,204,109,146,58,51
Kyrgyzstan,2018,54,35,51,23,31,20,3
Israel,2021,12967,10813,9462,10466,2501,6961,3505
India,2004,3025,13743,1735,1771,1254,481,1290
Lithuania,2003,108,350,92,32,76,16,16
Israel,2007,3313,9028,1877,2216,1097,780,1436
Ireland,2014,4897,6148,2689,4114,783,1906,2208
Iceland,2011,341,547,210,266,75,135,131
Kuwait,2010,150,581,125,81,69,56,25
Lithuania,2009,373,694,344,137,236,108,29
Hungary,2007,1381,4159,821,944,437,384,560
Laos,2000,4,3,3,1,3,0,1
Mexico,2016,11310,9312,9640,6942,4368,5272,1670
Morocco,2019,991,1919,846,566,425,421,145
Mexico,2002,1117,2984,796,619,498,298,321
Mali,2009,107,30,40,99,8,32,67
Iceland,2015,517,633,305,432,85,220,212
Madagascar,2008,18,39,13,10,8,5,5
Lesotho,2018,20,17,19,10,10,9,1
Libya,2008,7,18,6,6,1,5,1
Kuwait,2016,392,646,313,261,131,182,79
Iran,2021,24031,35825,21234,14018,10013,11221,2797
Morocco,2013,202,273,168,138,64,104,34
Iraq,2013,392,606,343,204,188,155,49
Montenegro,2021,393,366,362,259,134,228,31
Iraq,2012,296,431,267,155,141,126,29
Iraq,2001,7,39,7,0,7,0,0
Luxembourg,2002,11,44,8,6,5,3,3
Liechtenstein,2010,9,25,4,7,2,2,5
Madagascar,2012,24,43,18,15,9,9,6
Italy,2000,4931,17110,2893,2802,2129,764,2038
South Korea,2019,35139,44125,30951,24655,10484,20467,4188
Mexico,2004,1434,3815,1036,811,623,413,398
Iraq,2007,19,124,16,12,7,9,3
Kuwait,2008,146,486,121,70,76,45,25
Jordan,2001,42,403,36,12,30,6,6
Madagascar,2001,2,8,2,1,1,1,0
Monaco,2006,0,3,0,0,0,0,0
Mongolia,2011,42,92,36,22,20,16,6
Libya,2001,1,7,1,0,1,0,0
Israel,2002,2166,7006,1351,1221,945,406,815
Lithuania,2015,1741,1338,1551,805,936,615,190
Croatia,2002,114,432,77,68,46,31,37
Myanmar,2015,29,68,25,15,14,11,4
Kenya,2014,1063,677,833,822,241,592,230
Saint Lucia,2014,0,2,0,0,0,0,0
Latvia,2011,249,976,166,132,117,49,83
North Macedonia,2006,6,28,4,5,1,3,2
Iceland,2013,389,604,245,319,70,175,144
Morocco,2000,10,88,6,8,2,4,4
Jersey,2009,6,4,3,3,3,0,3
Italy,2004,8277,22549,4834,5320,2957,1877,3443
Maldives,2013,1,0,1,1,0,1,0
Mongolia,2005,15,38,8,8,7,1,7
Lithuania,2020,2694,1420,2457,1361,1333,1124,237
Mongolia,2003,12,25,8,7,5,3,4
Ireland,2004,1124,2959,559,782,342,217,565
Lesotho,2012,5,20,5,1,4,1,0
Iceland,2007,112,324,72,64,48,24,40
Mongolia,2001,6,24,4,4,2,2,2
Latvia,2010,184,768,97,125,59,38,87
Lesotho,2001,1,11,1,1,0,1,0
Malta,2017,378,367,247,288,90,157,131
Madagascar,2004,4,11,2,2,2,0,2
Iceland,2021,911,512,697,722,189,508,214
Malta,2002,12,35,8,6,6,2,4
Kyrgyzstan,2005,3,1,2,1,2,0,1
Lebanon,2012,412,1000,291,290,122,169,121
Indonesia,2015,9249,3682,8895,2937,6312,2583,354
Lebanon,2015,723,1280,553,537,186,367,170
Montenegro,2000,3,16,3,0,3,0,0
Sri Lanka,2016,1240,863,1159,650,590,569,81
Jersey,2018,13,2,9,12,1,8,4
Libya,2020,205,178,176,106,99,77,29
Liberia,2003,0,1,0,0,0,0,0
Mali,2014,194,31,81,183,11,70,113
Kuwait,2005,93,401,80,23,70,10,13
Lebanon,2004,72,353,52,37,35,17,20
Hungary,2014,4148,4021,2414,3404,744,1670,1734
Monaco,2005,1,4,1,0,1,0,0
Iraq,2016,924,796,795,442,482,313,129
Mongolia,2017,141,160,129,84,57,72,12
Moldova,2003,13,107,10,5,8,2,3
Latvia,2003,48,492,20,34,14,6,28
Sri Lanka,2019,1562,1218,1420,730,832,588,142
Montenegro,2020,440,344,407,293,147,260,33
Japan,2005,23175,55140,18377,7586,15589,2788,4798
Morocco,2005,14,85,8,8,6,2,6
Indonesia,2012,3379,1426,3191,1198,2181,1010,188
Jamaica,2012,221,408,169,139,82,87,52
Mongolia,2013,54,161,43,32,22,21,11
Montenegro,2002,9,25,6,4,5,1,3
India,2019,36875,89205,29038,21766,15109,13929,7837
Liechtenstein,2011,7,31,4,4,3,1,3
Iceland,2000,45,131,35,20,25,10,10
Iran,2006,885,5666,606,459,426,180,279
South Korea,2002,2909,13093,1990,1201,1708,282,919
Croatia,2013,1173,1458,876,933,240,636,297
Israel,2001,1975,6904,1233,1101,874,359,742
Liechtenstein,2021,33,24,24,25,8,16,9
Cambodia,2014,234,346,199,140,94,105,35
North Macedonia,2008,18,46,15,8,10,5,3
Kazakhstan,2017,508,663,353,336,172,181,155
Liechtenstein,2019,16,26,9,11,5,4,7
Kazakhstan,2007,12,70,5,9,3,2,7
Libya,2006,4,7,1,3,1,0,3
Libya,2005,1,8,1,0,1,0,0
Jordan,2002,60,444,47,23,37,10,13
Italy,2001,5614,18139,3349,3239,2375,974,2265
Latvia,2006,98,585,47,63,35,12,51
Saint Kitts and Nevis,2013,7,12,5,6,1,4,2
Latvia,2001,55,436,23,34,21,2,32
Luxembourg,2015,726,599,299,651,75,224,427
Mexico,2017,12981,9626,11168,7778,5203,5965,1813
Japan,2011,34385,67076,26623,17079,17306,9317,7762
Morocco,2016,552,1176,492,315,237,255,60
Kenya,2015,1193,703,938,926,267,671,255
Luxembourg,2021,1212,459,769,1084,128,641,443
Laos,2012,32,22,27,21,11,16,5
Mexico,2005,1772,4128,1280,1099,673,607,492
Montenegro,2015,129,168,97,82,47,50,32
South Korea,2020,40593,42398,36112,28913,11680,24432,4481
Cambodia,2019,840,754,743,438,402,341,97
Mali,2006,76,15,13,74,2,11,63
Jersey,2011,9,8,7,4,5,2,2
Libya,2009,12,22,10,7,5,5,2
Ireland,2008,2473,4744,1121,1937,536,585,1352
Cambodia,2012,144,273,119,82,62,57,25
Kyrgyzstan,2011,5,21,5,2,3,2,0
Malta,2000,9,21,3,6,3,0,6
Madagascar,2015,49,37,41,37,12,29,8
South Korea,2004,4050,18541,2874,1684,2366,508,1176
Myanmar,2000,7,23,2,5,2,0,5
Mongolia,2002,7,19,7,1,6,1,0
North Macedonia,2003,6,21,6,2,4,2,0
Morocco,2008,28,141,20,17,11,9,8
Indonesia,2006,544,443,479,225,319,160,65
Hungary,2015,4635,3812,2715,3856,779,1936,1920
Japan,2013,41644,66529,33298,22527,19117,14181,8346
Sri Lanka,2003,53,175,45,22,31,14,8
Croatia,2007,315,885,181,225,90,91,134
Liechtenstein,2017,21,40,14,14,7,7,7
Liechtenstein,2018,20,25,12,17,3,9,8
Croatia,2017,2757,1899,2337,2000,757,1580,420
Jamaica,2006,110,304,94,49,61,33,16
Lesotho,2008,8,24,3,5,3,0,5
Kenya,2019,2196,821,1912,1492,704,1208,284
India,2013,21130,55041,15959,13787,7343,8616,5171
Maldives,2011,5,1,2,5,0,2,3
Saint Kitts and Nevis,2004,0,1,0,0,0,0,0
Moldova,2011,36,181,13,32,4,9,23
Laos,2021,144,93,137,107,37,100,7
Jordan,2017,1062,1843,881,672,390,491,181
Liechtenstein,2020,31,40,21,23,8,13,10
Japan,2019,64547,67948,54923,36219,28328,26595,9624
Jersey,2017,7,5,3,7,0,3,4
Madagascar,2010,16,37,13,11,5,8,3
Kenya,2001,132,283,85,70,62,23,47
Iraq,2017,1501,1075,1300,708,793,507,201
Israel,2012,5666,10189,3643,4335,1331,2312,2023
Israel,2006,3137,8689,1830,2035,1102,728,1307
Lebanon,2009,179,720,117,118,61,56,62
Moldova,2012,33,173,17,25,8,9,16
Kenya,2016,1394,808,1123,1038,356,767,271
Kenya,2007,246,429,151,183,63,88,95
Kenya,2017,1634,849,1371,1195,439,932,263
Iraq,2021,4686,2800,4438,1359,3327,1111,248
Lebanon,2003,53,321,35,26,27,8,18
Jersey,2012,5,17,5,2,3,2,0
Hungary,2020,8027,2710,6884,5756,2271,4613,1143
Jamaica,2007,95,389,80,44,51,29,15
Luxembourg,2014,650,633,274,580,70,204,376
Indonesia,2018,38028,7054,37075,10606,27422,9653,953
Jamaica,2008,99,359,81,56,43,38,18
Jersey,2021,20,3,17,17,3,14,3
Jamaica,2018,367,393,297,275,92,205,70
Jamaica,2019,383,475,302,285,98,204,81
Luxembourg,2000,11,30,5,6,5,0,6
Jamaica,2013,268,435,212,181,87,125,56
Lebanon,2014,678,1160,508,475,203,305,170
Ireland,2012,4179,5874,2160,3487,692,1468,2019
Libya,2018,130,107,105,74,56,49,25
Sri Lanka,2008,253,358,225,154,99,126,28
Lebanon,2016,878,1472,634,670,208,426,244
Kuwait,2015,343,579,286,242,101,185,57
Madagascar,2013,30,47,24,23,7,17,6
Liberia,2017,8,8,6,5,3,3,2
Haiti,2020,5,4,4,4,1,3,1
Saint Kitts and Nevis,2002,0,1,0,0,0,0,0
Ireland,2002,741,2385,398,471,270,128,343
Latvia,2002,50,440,26,31,19,7,24
Kuwait,2012,212,550,183,133,79,104,29
Montenegro,2019,224,206,190,147,77,113,34
Mongolia,2019,256,193,235,118,138,97,21
Saint Lucia,2008,0,1,0,0,0,0,0
Iceland,2019,970,561,678,760,210,468,292
Malta,2014,216,249,132,185,31,101,84
Israel,2013,6113,10655,3938,4732,1381,2557,2175
Iran,2008,1795,10533,1330,965,830,500,465
Saint Kitts and Nevis,2015,55,45,49,48,7,42,6
Kazakhstan,2016,447,566,306,281,166,140,141
Jamaica,2020,517,526,442,341,176,266,75
Saint Lucia,2020,3,3,3,2,1,2,0
Kenya,2009,408,517,276,330,78,198,132
Latvia,2005,62,591,32,38,24,8,30
Lithuania,2006,241,664,194,109,132,62,47
Liberia,2011,3,1,3,2,1,2,0
Morocco,2003,12,84,11,9,3,8,1
Moldova,2001,3,89,0,3,0,0,3
Kuwait,2003,69,379,62,18,51,11,7
Italy,2007,12165,30257,7079,8357,3808,3271,5086
Liberia,2015,3,3,3,3,0,3,0
Libya,2011,20,21,14,16,4,10,6
Luxembourg,2004,42,52,23,33,9,14,19
Maldives,2014,0,3,0,0,0,0,0
North Macedonia,2004,8,11,8,1,7,1,0
Lebanon,2007,111,588,78,62,49,29,33
Iraq,2000,14,39,13,3,11,2,1
Monaco,2011,4,6,0,4,0,0,4
Moldova,2010,19,137,6,16,3,3,13
Jersey,2002,3,6,2,1,2,0,1
Myanmar,2008,2,18,2,2,0,2,0
Laos,2006,8,19,5,7,1,4,3
Mongolia,2004,10,32,8,4,6,2,2
Kuwait,2001,54,358,43,13,41,2,11
Hungary,2005,1067,3403,623,713,354,269,444
Lebanon,2011,289,884,213,196,93,120,76
Ireland,2018,7745,5955,4805,6313,1432,3373,2940
Israel,2019,10338,11518,7127,8028,2310,4817,3211
Croatia,2014,1395,1691,1066,1102,293,773,329
Jersey,2003,2,3,2,1,1,1,0
Kyrgyzstan,2010,2,7,2,1,1,1,0
Jamaica,2011,186,392,134,131,55,79,52
Iceland,2001,54,150,38,26,28,10,16
Italy,2002,6199,19027,3715,3805,2394,1321,2484
Kenya,2012,694,561,508,582,112,396,186
Haiti,2014,1,1,1,1,0,1,0
Moldova,2020,78,83,63,43,35,28,15
Israel,2020,12690,11839,9047,10010,2680,6367,3643
Madagascar,2018,78,43,66,66,12,54,12
Madagascar,2007,17,33,14,8,9,5,3
Iceland,2008,154,382,94,104,50,44,60
Kazakhstan,2004,9,28,3,9,0,3,6
Jamaica,2000,27,175,22,8,19,3,5
Monaco,2010,0,2,0,0,0,0,0
Cambodia,2017,445,488,388,284,161,227,57
Lithuania,2000,105,222,94,20,85,9,11
Mexico,2000,887,2557,668,476,411,257,219
Liberia,2012,3,1,2,3,0,2,1
Libya,2012,21,52,18,15,6,12,3
Jersey,2013,9,12,6,5,4,2,3
Madagascar,2016,52,32,47,38,14,33,5
Cambodia,2016,322,400,267,234,88,179,55
Libya,2014,62,95,54,38,24,30,8
Morocco,2006,23,90,17,8,15,2,6
Laos,2004,7,13,6,1,6,0,1
Lithuania,2001,147,272,133,20,127,6,14
Liechtenstein,2015,6,35,2,6,0,2,4
South Korea,2018,31979,43691,27270,22507,9472,17798,4709
Hungary,2019,6749,3257,5334,5182,1567,3767,1415
Sri Lanka,2018,1594,1076,1461,854,740,721,133
Kuwait,2017,404,663,342,272,132,210,62
Kuwait,2002,79,336,67,21,58,9,12
Monaco,2001,0,1,0,0,0,0,0
Kazakhstan,2003,9,32,4,7,2,2,5
Mongolia,2018,218,219,197,110,108,89,21
Malta,2009,61,104,27,46,15,12,34
Ireland,2005,1498,3546,709,1084,414,295,789
Croatia,2011,850,1270,626,660,190,436,224
Sri Lanka,2014,917,622,845,551,366,479,72
Mongolia,2012,39,134,37,26,13,24,2
Indonesia,2003,198,233,172,70,128,44,26
Iraq,2018,2706,1579,2465,1218,1488,977,241
Lesotho,2019,30,24,29,14,16,13,1
Croatia,2012,1125,1293,848,895,230,618,277
Ireland,2016,6223,6127,3722,5081,1142,2580,2501
Montenegro,2004,14,32,10,9,5,5,4
Iran,2019,20428,35517,17528,10352,10076,7452,2900
Hungary,2016,4946,3690,2978,4127,819,2159,1968
Mexico,2001,1031,2949,728,597,434,294,303
Japan,2001,20094,45645,17074,4731,15363,1711,3020
Italy,2016,39532,43044,24675,34056,5476,19199,14857
Iceland,2016,601,744,384,498,103,281,217
Madagascar,2009,19,45,9,13,6,3,10
Saint Lucia,2009,0,1,0,0,0,0,0
Kyrgyzstan,2014,11,25,9,9,2,7,2
North Macedonia,2017,260,200,218,148,112,106,42
Kuwait,2021,977,803,872,650,327,545,105
Liechtenstein,2009,2,11,1,2,0,1,1
Malta,2018,353,439,234,281,72,162,119
Mexico,2014,8460,7698,7228,5584,2876,4352,1232
Cambodia,2018,620,615,540,370,250,290,80
Morocco,2009,46,164,32,26,20,12,14
Myanmar,2016,43,48,34,24,19,15,9
Mali,2000,50,17,8,47,3,5,42
Mongolia,2006,10,40,6,6,4,2,4
Mali,2011,179,27,57,171,8,49,122
Israel,2016,8048,11335,5652,6158,1890,3762,2396
Iraq,2009,53,138,43,28,25,18,10
Lesotho,2011,5,16,4,3,2,2,1
Saint Lucia,2010,2,0,2,2,0,2,0
Indonesia,2009,1110,747,998,454,656,342,112
Mongolia,2020,275,254,245,149,126,119,30
Libya,2002,0,5,0,0,0,0,0
Kyrgyzstan,2008,3,11,2,2,1,1,1
South Korea,2000,2141,10338,1390,1032,1109,281,751
Kenya,2003,143,351,86,90,53,33,57
Moldova,2019,77,126,64,39,38,26,13
Morocco,2021,1777,2174,1596,1124,653,943,181
Maldives,2001,0,1,0,0,0,0,0
Lithuania,2011,1004,872,918,404,600,318,86
Luxembourg,2003,27,38,18,18,9,9,9
Latvia,2007,122,620,61,74,48,13,61
Cambodia,2000,32,54,29,7,25,4,3
Mali,2015,217,35,97,210,7,90,120
North Macedonia,2011,56,90,37,34,22,15,19
Luxembourg,2009,220,357,88,178,42,46,132
Lithuania,2019,2147,1341,1926,1151,996,930,221
Jamaica,2016,311,477,241,230,81,160,70
Lithuania,2013,1392,1045,1298,565,827,471,94
Kuwait,2004,85,366,67,26,59,8,18
Lesotho,2003,1,5,1,0,1,0,0
Ireland,2013,4664,6124,2430,3872,792,1638,2234
Saint Kitts and Nevis,2017,170,109,148,143,27,121,22
Jordan,2020,2504,2521,2189,1514,990,1199,315
Myanmar,2009,0,35,0,0,0,0,0
Kuwait,2018,501,755,409,354,147,262,92
Ireland,2019,8729,5875,5601,6782,1947,3654,3128
Madagascar,2002,2,4,2,0,2,0,0
Ireland,2011,4087,5949,2025,3333,754,1271,2062
Israel,2017,8705,10823,6118,6592,2113,4005,2587
Lesotho,2007,5,18,5,3,2,3,0
Jordan,2007,123,830,89,59,64,25,34
Lesotho,2002,1,11,1,1,0,1,0
Jamaica,2004,60,268,56,19,41,15,4
South Korea,2014,29318,47090,24725,16912,12406,12319,4593
Laos,2014,30,40,28,23,7,21,2
Kenya,2004,225,389,160,114,111,49,65
Iraq,2010,75,208,67,41,34,33,8
Malta,2007,32,53,18,24,8,10,14
Japan,2002,21407,47565,18045,5285,16122,1923,3362
Saint Kitts and Nevis,2018,229,141,204,188,41,163,25
Morocco,2014,238,540,199,172,66,133,39
Luxembourg,2005,52,98,33,37,15,18,19
Japan,2016,48779,61316,40660,28795,19984,20676,8119
Luxembourg,2011,315,491,158,252,63,95,157
Kazakhstan,2009,10,104,6,6,4,2,4
Mongolia,2010,39,97,32,19,20,12,7
Lesotho,2009,18,30,12,13,5,7,6
Iceland,2005,106,221,71,57,49,22,35
Israel,2011,5057,9940,3127,3832,1225,1902,1930
Kuwait,2006,79,421,64,28,51,13,15
Mali,2016,232,16,110,224,8,102,122
Kenya,2010,508,485,353,392,116,237,155
India,2017,33579,75562,26890,19158,14421,12469,6689
Indonesia,2002,149,221,143,41,108,35,6
Croatia,2020,3972,2103,3470,2513,1459,2011,502
Jamaica,2017,358,467,288,266,92,196,70
Myanmar,2018,72,129,60,38,34,26,12
Lesotho,2020,27,31,26,8,19,7,1
Madagascar,2020,122,43,106,88,34,72,16
Latvia,2015,944,1101,560,595,349,211,384
Myanmar,2002,4,10,4,0,4,0,0
Latvia,2020,1312,1250,1136,661,651,485,176
Malta,2012,136,223,72,118,18,54,64
Iran,2005,608,3520,387,357,251,136,221
Mali,2010,144,24,44,137,7,37,100
Saint Lucia,2015,1,2,1,1,0,1,0
North Macedonia,2001,7,20,5,5,2,3,2
Jersey,2001,2,6,2,0,2,0,0
Liberia,2018,12,5,9,9,3,6,3
North Macedonia,2020,304,236,265,140,164,101,39
Malta,2011,86,157,45,76,10,35,41
Madagascar,2000,0,17,0,0,0,0,0
Liechtenstein,2012,3,32,2,2,1,1,1
India,2002,2293,11072,1248,1375,918,330,1045
Moldova,2005,20,137,6,15,5,1,14
Haiti,2021,5,1,4,4,1,3,1
Kuwait,2019,580,787,493,400,180,313,87
Kuwait,2000,57,336,45,15,42,3,12
Moldova,2004,10,102,5,6,4,1,5
Japan,2010,32840,69587,25183,15003,17837,7346,7657
Sri Lanka,2021,1935,1458,1783,890,1045,738,152
Ireland,2007,2032,4409,880,1551,481,399,1152
Lebanon,2019,1527,1674,1201,1146,381,820,326
Italy,2015,36428,42137,22664,31283,5145,17519,13764
Sri Lanka,2005,96,223,81,41,55,26,15
North Macedonia,2021,230,160,204,117,113,91,26
Libya,2016,101,107,86,61,40,46,15
Saint Kitts and Nevis,2005,0,2,0,0,0,0,0
Kenya,2005,205,380,135,117,88,47,70
Laos,2008,16,33,9,12,4,5,7
Myanmar,2003,4,14,2,2,2,0,2
Cambodia,2001,32,71,29,7,25,4,3
Mexico,2003,1287,3507,951,748,539,412,336
Laos,2003,9,15,8,2,7,1,1
Lesotho,2006,2,15,1,2,0,1,1
Montenegro,2010,40,95,31,23,17,14,9
Sri Lanka,2009,437,450,395,241,196,199,42
Lebanon,2001,55,261,37,30,25,12,18
Morocco,2001,11,85,10,3,8,2,1
Jamaica,2003,38,230,34,10,28,6,4
Iraq,2002,10,38,10,1,9,1,0
Moldova,2018,66,156,54,31,35,19,12
Sri Lanka,2013,861,647,795,402,459,336,66
Luxembourg,2001,21,34,10,16,5,5,11
Iran,2002,221,1391,154,99,122,32,67
Lithuania,2004,157,424,127,46,111,16,30
Saint Lucia,2021,1,0,1,1,0,1,0
Laos,2007,25,27,17,17,8,9,8
Indonesia,2014,5861,2519,5554,1992,3869,1685,307
Sri Lanka,2010,410,460,360,277,133,227,50
Monaco,2007,0,4,0,0,0,0,0
North Macedonia,2019,301,197,262,173,128,134,39
Kyrgyzstan,2001,0,3,0,0,0,0,0
Cambodia,2004,87,146,51,50,37,14,36
Monaco,2021,12,17,10,6,6,4,2
Madagascar,2011,20,33,16,13,7,9,4
Sri Lanka,2015,1165,807,1068,693,472,596,97
Kyrgyzstan,2019,84,80,78,40,44,34,6
Lithuania,2008,343,637,302,127,216,86,41
Lesotho,2016,12,28,12,6,6,6,0
Latvia,2000,44,410,21,28,16,5,23
Madagascar,2005,4,22,3,1,3,0,1
Monaco,2014,2,6,1,1,1,0,1
India,2018,34263,84550,27104,20211,14052,13052,7159
Maldives,2019,6,1,6,4,2,4,0
Japan,2014,45046,64404,37075,24345,20701,16374,7971
Myanmar,2019,118,119,112,64,54,58,6
Kenya,2011,599,592,410,492,107,303,189
Hungary,2018,5822,3675,3910,4731,1091,2819,1912
Iran,2016,14557,27992,12007,8970,5587,6420,2550
North Macedonia,2010,34,85,30,18,16,14,4
Indonesia,2019,45416,8542,44501,8294,37122,7379,915
Morocco,2017,647,1257,558,361,286,272,89
Hungary,2021,7467,2092,6543,5376,2091,4452,924
Kenya,2013,880,651,647,746,134,513,233
South Korea,2001,2420,11925,1589,1046,1374,215,831
India,2010,10659,35353,7106,7249,3410,3696,3553
Madagascar,2014,32,43,31,20,12,19,1
Kuwait,2014,287,562,238,197,90,148,49
Moldova,2015,58,149,38,36,22,16,20
Laos,2002,3,10,3,0,3,0,0
Iceland,2010,293,513,162,235,58,104,131
Moldova,2013,42,162,19,39,3,16,23
North Macedonia,2002,5,13,4,1,4,0,1
Sri Lanka,2020,1998,1533,1812,861,1137,675,186
Jersey,2010,8,8,6,4,4,2,2
Iceland,2003,71,171,51,44,27,24,20
Jersey,2004,1,6,1,0,1,0,0
Saint Kitts and Nevis,2019,299,220,278,243,56,222,21
Italy,2019,50652,44054,34222,43880,6772,27450,16430
Iraq,2015,634,640,544,301,333,211,90
Lithuania,2018,1868,1294,1680,978,890,790,188
Morocco,2015,330,678,286,239,91,195,44
Jamaica,2002,49,220,47,17,32,15,2
Croatia,2019,3436,2029,2950,2196,1240,1710,486
Morocco,2011,101,201,78,81,20,58,23
Croatia,2003,133,494,78,85,48,30,55
Kyrgyzstan,2016,26,36,25,11,15,10,1
Croatia,2000,83,384,57,36,47,10,26
Montenegro,2013,104,130,78,77,27,51,26
Saint Lucia,2013,1,0,1,0,1,0,0
Jordan,2014,714,1473,587,449,265,322,127
Saint Kitts and Nevis,2021,705,308,635,605,100,535,70
Liberia,2021,23,4,20,15,8,12,3
North Macedonia,2014,143,144,120,85,58,62,23
Madagascar,2021,154,34,128,116,38,90,26
Iceland,2002,65,146,45,39,26,19,20
Cambodia,2010,97,211,75,46,51,24,22
Monaco,2004,0,3,0,0,0,0,0
Indonesia,2010,2183,869,2046,1108,1075,971,137
Mali,2018,238,38,124,230,8,116,114
Saint Kitts and Nevis,2010,7,14,5,5,2,3,2
Iceland,2004,77,238,56,36,41,15,21
Iraq,2019,3501,2108,3282,1080,2421,861,219
Kazakhstan,2020,1302,1388,1132,656,646,486,170
Israel,2004,2635,7850,1601,1596,1039,562,1034
Indonesia,2017,23744,6960,22980,7432,16312,6668,764
Japan,2004,22535,52131,18357,6704,15831,2526,4178
India,2011,13376,40729,9297,9390,3986,5311,4079
Morocco,2018,850,1647,714,534,316,398,136
Laos,2017,54,34,46,43,11,35,8
Moldova,2017,76,164,55,57,19,36,21
Ireland,2009,3254,5474,1459,2601,653,806,1795
Saint Kitts and Nevis,2012,5,23,5,4,1,4,0
India,2015,29295,64768,23572,17004,12291,11281,5723
Liberia,2016,6,3,4,5,1,3,2
North Macedonia,2000,1,15,1,1,0,1,0
Maldives,2016,1,0,1,0,1,0,0
Jamaica,2015,346,377,258,247,99,159,88
Kazakhstan,2005,3,44,1,3,0,1,2
Lebanon,2020,1984,1798,1621,1527,457,1164,363
Kazakhstan,2015,428,472,298,267,161,137,130
Lebanon,2006,113,533,74,62,51,23,39
Monaco,2000,0,1,0,0,0,0,0
Latvia,2017,1023,962,794,511,512,282,229
Monaco,2015,4,11,3,1,3,0,1
Saint Kitts and Nevis,2008,1,6,0,1,0,0,1
Monaco,2008,0,3,0,0,0,0,0
South Korea,2003,3339,15494,2392,1312,2027,365,947
Morocco,2012,206,297,190,170,36,154,16
Lithuania,2002,99,302,87,20,79,8,12
India,2014,26240,63902,20689,16321,9919,10770,5551
Laos,2010,18,26,10,13,5,5,8
Haiti,2019,3,2,3,2,1,2,0
Ireland,2001,649,2136,375,382,267,108,274
Croatia,2018,3066,1995,2612,2020,1046,1566,454
North Macedonia,2016,235,197,196,155,80,116,39
Luxembourg,2010,312,440,149,256,56,93,163
Malta,2010,89,129,42,79,10,32,47
Lithuania,2012,1298,1142,1202,558,740,462,96
Maldives,2020,15,1,15,10,5,10,0
Jordan,2004,78,530,58,41,37,21,20
Mali,2017,250,20,134,234,16,118,116
Italy,2012,23657,38755,14673,18986,4671,10002,8984
Israel,2018,9675,10938,6838,7394,2281,4557,2837
Mongolia,2000,8,18,8,3,5,3,0
Liechtenstein,2014,11,45,7,7,4,3,4
Iran,2015,11825,25041,9760,7553,4272,5488,2065
Iran,2000,124,794,72,58,66,6,52
Mongolia,2014,101,170,86,71,30,56,15
Cambodia,2005,69,203,44,36,33,11,25
Malta,2006,24,60,10,18,6,4,14
Iran,2003,314,1954,220,146,168,52,94
Jersey,2014,13,9,12,9,4,8,1
Mali,2013,182,22,76,178,4,72,106
Hungary,2006,1256,3649,724,853,403,321,532
Laos,2015,50,23,37,44,6,31,13
Malta,2020,505,463,381,400,105,276,124
Italy,2010,18197,36509,10695,13957,4240,6455,7502
Monaco,2020,12,25,10,6,6,4,2
Kazakhstan,2002,3,30,1,3,0,1,2
Ireland,2010,3687,5861,1714,2957,730,984,1973
Luxembourg,2006,63,110,30,46,17,13,33
Libya,2013,51,80,47,24,27,20,4
Jamaica,2021,517,483,443,361,156,287,74
India,2000,1760,9193,919,1024,736,183,841
Luxembourg,2019,1039,573,515,930,109,406,524
Mexico,2020,16962,11932,14870,9304,7658,7212,2092
Haiti,2017,3,3,2,2,1,1,1
Japan,2012,38690,64666,30953,19607,19083,11870,7737
Croatia,2009,464,1073,309,346,118,191,155
Kenya,2018,1875,797,1584,1310,565,1019,291
Myanmar,2007,1,16,0,1,0,0,1
Italy,2005,9529,23428,5668,6212,3317,2351,3861
Iceland,2006,106,288,57,71,35,22,49
Kuwait,2013,244,550,208,170,74,134,36
Moldova,2008,12,153,5,8,4,1,7
Israel,2008,3858,9539,2169,2762,1096,1073,1689
Laos,2013,30,20,25,27,3,22,5
Kazakhstan,2013,204,337,147,103,101,46,57
Mali,2019,193,46,128,180,13,115,65
Israel,2014,6697,11013,4547,5156,1541,3006,2150
Monaco,2017,6,10,5,2,4,1,1
Iran,2020,25388,38359,22141,13069,12319,9822,3247
Jersey,2008,7,10,4,3,4,0,3
Kazakhstan,2000,2,11,2,1,1,1,0
India,2005,4142,15918,2387,2527,1615,772,1755
Monaco,2013,6,4,5,1,5,0,1
Maldives,2005,0,1,0,0,0,0,0
Montenegro,2007,27,66,16,15,12,4,11
Kyrgyzstan,2007,0,2,0,0,0,0,0
Jamaica,2001,44,194,38,20,24,14,6
South Korea,2009,11632,35385,8921,5738,5894,3027,2711
South Korea,2010,14604,38591,11218,7671,6933,4285,3386
Japan,2017,53574,62834,44773,31930,21644,23129,8801
Lithuania,2016,1574,1267,1359,847,727,632,215
Kazakhstan,2014,367,430,274,201,166,108,93
Sri Lanka,2004,58,169,41,31,27,14,17
Libya,2015,61,117,50,34,27,23,11
Monaco,2016,2,11,2,0,2,0,0
Mongolia,2008,26,101,20,16,10,10,6
Latvia,2009,174,826,94,105,69,25,80
Ireland,2015,5330,6228,3255,4370,960,2295,2075
Cambodia,2007,95,205,72,46,49,23,23
Saint Lucia,2018,14,2,14,4,10,4,0
Indonesia,2007,935,444,843,393,542,301,92
Mexico,2007,2210,5021,1586,1427,783,803,624
Morocco,2020,1510,2350,1291,855,655,636,219
South Korea,2007,7150,29338,5077,3376,3774,1303,2073
Latvia,2019,1109,1138,943,517,592,351,166
Japan,2015,47770,62109,39745,26686,21084,18661,8025
Maldives,2018,3,1,3,2,1,2,0
Liberia,2009,2,0,2,2,0,2,0
Lesotho,2000,3,2,2,1,2,0,1
Jersey,2000,1,7,0,1,0,0,1
Laos,2018,69,53,60,57,12,48,9
Japan,2006,25333,60746,19711,8780,16553,3158,5622
Mexico,2008,2557,5100,1797,1743,814,983,760
Iran,2010,3193,15250,2421,1698,1495,926,772
Myanmar,2013,13,33,11,6,7,4,2
Ireland,2020,10298,6256,7270,8444,1854,5416,3028
Iceland,2017,730,617,469,609,121,348,261
Israel,2015,7293,10889,5089,5663,1630,3459,2204
Liechtenstein,2008,1,2,0,1,0,0,1
Morocco,2007,28,95,21,13,15,6,7
Iraq,2004,8,29,6,3,5,1,2
Lesotho,2005,3,10,2,2,1,1,1
Lebanon,2005,91,424,65,47,44,21,26
Croatia,2005,191,609,125,117,74,51,66
Liechtenstein,2013,9,34,3,7,2,1,6
Myanmar,2004,4,15,3,1,3,0,1
Croatia,2001,95,415,72,38,57,15,23
Jordan,2015,840,1521,709,513,327,382,131
South Korea,2011,17972,41950,14283,9735,8237,6046,3689
Kazakhstan,2010,26,91,16,12,14,2,10
Saint Kitts and Nevis,2003,1,0,1,0,1,0,0
Madagascar,2017,74,59,62,60,14,48,12
South Korea,2015,30970,49229,26681,18401,12569,14112,4289
Cambodia,2008,64,154,47,26,38,9,17
Iraq,2006,14,96,12,7,7,5,2
Libya,2010,29,39,28,19,10,18,1
Croatia,2004,167,543,119,107,60,59,48
North Macedonia,2007,20,34,18,10,10,8,2
Jordan,2011,421,1208,344,251,170,174,77
Malta,2015,288,276,155,248,40,115,133
Lesotho,2014,9,13,8,5,4,4,1
Myanmar,2020,184,193,168,72,112,56,16
Mexico,2019,15500,11177,13535,8652,6848,6687,1965
Mali,2001,60,8,8,60,0,8,52
Monaco,2009,2,5,2,1,1,1,0
Kazakhstan,2008,13,65,7,9,4,3,6
Lebanon,2008,166,654,108,101,65,43,58
India,2007,5459,27914,3243,3398,2061,1182,2216
Cambodia,2011,121,230,89,72,49,40,32
Iran,2001,156,1003,105,75,81,24,51
Latvia,2012,367,962,281,205,162,119,86
Malta,2008,49,102,25,38,11,14,24
Laos,2011,32,26,26,23,9,17,6
North Macedonia,2013,127,149,100,72,55,45,27
Saint Lucia,2007,0,2,0,0,0,0,0
Kenya,2020,2823,1014,2483,1788,1035,1448,340
Israel,2000,1776,6670,1115,961,815,300,661
Jersey,2016,8,6,4,6,2,2,4
Japan,2003,20980,50859,17310,5892,15088,2222,3670
Jordan,2003,53,484,40,21,32,8,13
Cambodia,2013,178,317,140,114,64,76,38
Croatia,2006,280,765,169,189,91,78,111
Myanmar,2011,14,55,11,8,6,5,3
Sri Lanka,2002,46,133,35,18,28,7,11
Laos,2001,6,4,4,3,3,1,2
Ireland,2021,10876,5425,9011,8079,2797,6214,1865
Monaco,2019,7,25,4,6,1,3,3
Saint Kitts and Nevis,2009,5,7,3,4,1,2,2
Croatia,2010,615,1065,413,461,154,259,202
Kazakhstan,2006,10,45,2,9,1,1,8
Moldova,2002,7,91,4,4,3,1,3
Lithuania,2017,1859,1268,1610,952,907,703,249
Kyrgyzstan,2002,0,1,0,0,0,0,0
Hungary,2002,796,2649,440,519,277,163,356
Liechtenstein,2016,12,40,6,11,1,5,6
Mexico,2013,6651,7168,5549,4539,2112,3437,1102
Malta,2019,413,446,283,311,102,181,130
Mali,2003,49,15,2,47,2,0,47
Cambodia,2015,266,389,223,159,107,116,43
South Korea,2021,40791,39023,36580,29823,10968,25612,4211
Jordan,2012,587,1345,490,335,252,238,97
Haiti,2018,0,3,0,0,0,0,0
Lesotho,2021,31,38,28,12,19,9,3
Kuwait,2007,93,467,78,33,60,18,15
Hungary,2010,2114,4136,1246,1565,549,697,868
Haiti,2009,0,3,0,0,0,0,0
India,2012,17803,45391,12989,11777,6026,6963,4814
Madagascar,2006,9,25,5,5,4,1,4
South Korea,2016,30100,46418,25700,19859,10241,15459,4400
Iran,2004,407,2564,262,222,185,77,145
Jamaica,2005,100,277,91,44,56,35,9
India,2006,4975,20585,3065,2888,2087,978,1910
Jordan,2005,101,594,75,41,60,15,26
Sri Lanka,2006,115,266,90,56,59,31,25
Croatia,2015,1706,1586,1419,1304,402,1017,287
Montenegro,2014,104,149,82,73,31,51,22
Liberia,2005,0,1,0,0,0,0,0
South Korea,2008,8794,31737,6460,4571,4223,2237,2334
Hungary,2013,3430,4127,1978,2814,616,1362,1452
Lebanon,2010,219,731,147,150,69,78,72
Jersey,2019,17,7,9,17,0,9,8
Myanmar,2012,9,54,8,7,2,6,1
Mexico,2012,5486,6844,4430,3799,1687,2743,1056
Montenegro,2011,61,99,47,47,14,33,14
Luxembourg,2007,95,126,52,71,24,28,43
Kyrgyzstan,2009,1,9,1,0,1,0,0
Italy,2006,10861,27679,6206,7267,3594,2612,4655
Japan,2021,68223,55019,58927,43662,24561,34366,9296
Kyrgyzstan,2006,1,4,0,1,0,0,1
Lithuania,2005,193,483,153,73,120,33,40
Maldives,2010,1,1,1,0,1,0,0
India,2021,50982,110862,42079,29873,21109,20970,8903
Luxembourg,2008,140,243,66,113,27,39,74
Jordan,2008,188,926,131,115,73,58,57
Jordan,2006,106,710,74,55,51,23,32
Latvia,2013,459,908,370,219,240,130,89
North Macedonia,2005,8,14,6,5,3,3,2
Iceland,2018,782,606,523,666,116,407,259
Iceland,2020,926,604,678,747,179,499,248
Libya,2007,2,18,2,0,2,0,0
Monaco,2003,0,1,0,0,0,0,0
Iceland,2009,219,468,133,158,61,72,86
Latvia,2004,59,533,28,38,21,7,31
Italy,2013,27737,41163,17300,22821,4916,12384,10437
Cambodia,2020,1198,982,1066,698,500,566,132
Ireland,2000,604,2020,362,336,268,94,242
Saint Kitts and Nevis,2006,2,6,1,2,0,1,1
India,2008,6940,27732,4461,4660,2280,2181,2479
Kyrgyzstan,2013,9,29,7,5,4,3,2
Mali,2021,260,87,210,223,37,173,50
Lesotho,2004,2,10,2,0,2,0,0
Italy,2017,42588,42103,26639,37013,5575,21064,15949
Indonesia,2021,43787,7813,43164,5667,38120,5044,623
Indonesia,2004,270,300,243,86,184,59,27
Indonesia,2011,2489,1262,2311,858,1631,680,178
Mexico,2010,3518,5973,2574,2489,1029,1545,944
Iraq,2005,17,43,14,7,10,4,3
Malta,2016,326,367,201,267,59,142,125
Iceland,2014,464,582,289,395,69,220,175
Jordan,2018,1370,2197,1163,896,474,689,207
Morocco,2004,10,80,8,5,5,3,2
Ireland,2006,1767,3850,771,1296,471,300,996
Italy,2008,13493,31895,7765,9778,3715,4050,5728
Montenegro,2003,9,35,5,5,4,1,4
South Korea,2017,29735,42654,25319,20767,8968,16351,4416
Kazakhstan,2018,658,928,475,415,243,232,183
Laos,2005,19,17,16,5,14,2,3
Latvia,2008,134,705,66,87,47,19,68
Jordan,2000,44,365,36,20,24,12,8
Libya,2017,85,111,71,48,37,34,14
Lithuania,2014,1686,1321,1587,646,1040,547,99
India,2009,8275,30292,5454,5620,2655,2799,2821
Montenegro,2018,170,228,143,106,64,79,27
Luxembourg,2013,563,607,239,510,53,186,324
Jordan,2016,981,1659,817,585,396,421,164
Kenya,2008,370,492,259,257,113,146,111
Iran,2011,5597,18436,4616,2679,2918,1698,981
Lebanon,2002,48,273,33,22,26,7,15
North Macedonia,2012,102,114,90,44,58,32,12
Moldova,2014,60,177,32,42,18,14,28
Luxembourg,2017,811,582,356,737,74,282,455
Montenegro,2006,23,53,9,18,5,4,14
Malta,2021,522,411,415,418,104,311,107
Saint Kitts and Nevis,2014,36,94,27,32,4,23,9
Montenegro,2012,80,98,68,64,16,52,12
Lesotho,2013,16,11,16,5,11,5,0
Mongolia,2016,135,149,120,89,46,74,15
Iran,2012,7765,19482,6481,4281,3484,2997,1284
Indonesia,2008,1131,536,1047,404,727,320,84
Malta,2001,8,38,4,5,3,1,4
Myanmar,2021,120,110,108,65,55,53,12
Iraq,2011,119,283,113,47,72,41,6
Jersey,2007,6,6,4,2,4,0,2
South Korea,2013,26463,46266,22013,14870,11593,10420,4450
Italy,2009,16483,36539,9664,12132,4351,5313,6819
Ireland,2017,6886,5835,4210,5579,1307,2903,2676
Liechtenstein,2007,0,2,0,0,0,0,0
Mongolia,2009,38,74,30,24,14,16,8
Israel,2003,2421,7523,1487,1417,1004,483,934
Japan,2007,25886,64261,19865,9653,16233,3632,6021
Maldives,2003,1,0,1,1,0,1,0
Indonesia,2016,14791,4195,14281,4863,9928,4353,510
Lithuania,2021,2496,1216,2293,1472,1024,1269,203
Myanmar,2010,5,58,4,3,2,2,1
Lithuania,2010,624,650,549,232,392,157,75
Kyrgyzstan,2000,0,2,0,0,0,0,0
Moldova,2007,12,164,5,8,4,1,7
Indonesia,2000,149,211,135,53,96,39,14
Luxembourg,2016,787,577,293,719,68,225,494
Mali,2008,84,21,30,82,2,28,54
Saint Lucia,2019,3,2,2,2,1,1,1
Malta,2013,175,240,96,147,28,68,79
Iran,2014,10218,23136,8549,6446,3772,4777,1669
South Korea,2006,5837,26365,4064,2678,3159,905,1773
Iraq,2014,467,622,399,255,212,187,68
Morocco,2002,15,91,8,10,5,3,7
Italy,2018,45943,42916,29441,39658,6285,23156,16502
Saint Kitts and Nevis,2016,86,85,77,68,18,59,9
Hungary,2000,601,2060,339,398,203,136,262
Kazakhstan,2019,954,1188,781,532,422,359,173
Iceland,2012,420,551,235,334,86,149,185
Montenegro,2008,25,62,19,18,7,12,6
Kyrgyzstan,2012,14,23,11,11,3,8,3
Haiti,2007,0,1,0,0,0,0,0
Croatia,2008,376,881,246,270,106,140,130
Sri Lanka,2001,34,105,30,10,24,6,4
Kazakhstan,2011,48,131,29,29,19,10,19
Croatia,2021,3555,2026,3121,2467,1088,2033,434
Moldova,2006,22,120,8,18,4,4,14
Kenya,2006,208,511,140,142,66,74,68
Saint Kitts and Nevis,2020,500,277,445,420,80,365,55
Japan,2008,27712,61180,21304,11273,16439,4865,6408
Italy,2021,63625,39386,51422,52900,10725,40697,12203
Iran,2007,1210,8030,798,670,540,258,412
Jordan,2009,241,1053,181,133,108,73,60
Mali,2005,64,7,17,59,5,12,47
Haiti,2006,0,1,0,0,0,0,0
Kyrgyzstan,2003,0,2,0,0,0,0,0
Moldova,2009,23,178,13,14,9,4,10
Jordan,2021,2629,2646,2394,1607,1022,1372,235
Jamaica,2009,145,394,102,94,51,51,43
Mali,2012,221,39,71,215,6,65,150
Monaco,2012,2,5,2,1,1,1,0
Montenegro,2016,145,221,127,87,58,69,18
North Macedonia,2009,28,56,22,19,9,13,6
Haiti,2016,0,3,0,0,0,0,0
Japan,2020,71622,64737,60818,43959,27663,33155,10804
Kazakhstan,2021,1226,1269,1058,603,623,435,168
Laos,2020,147,86,125,104,43,82,22
Hungary,2009,1895,4240,1136,1347,548,588,759
Cambodia,2006,118,286,83,60,58,25,35
Laos,2009,15,25,11,10,5,6,4
Mexico,2015,9843,8292,8489,6098,3745,4744,1354
Mali,2002,65,19,8,62,3,5,57
Mexico,2009,3417,5861,2461,2246,1171,1290,956
Morocco,2010,51,172,38,34,17,21,13
India,2020,50325,104827,40856,28655,21670,19186,9469
Saint Kitts and Nevis,2007,0,4,0,0,0,0,0
Libya,2003,1,2,1,0,1,0,0
Hungary,2008,1565,4117,923,1096,469,454,642
Laos,2016,49,29,42,42,7,35,7
India,2016,35508,70977,29356,18835,16673,12683,6152
South Korea,2005,4954,21489,3442,2301,2653,789,1512
Kyrgyzstan,2015,14,22,13,5,9,4,1
Indonesia,2013,4751,1919,4490,1525,3226,1264,261
Jordan,2019,1723,2465,1477,1084,639,838,246
Mongolia,2007,27,95,17,16,11,6,10
Lebanon,2013,474,1223,346,347,127,219,128
Hungary,2003,896,3118,585,543,353,232,311
Mexico,2021,15633,10968,13806,8803,6830,6976,1827
Lebanon,2018,1345,1612,1022,983,362,660,323
Luxembourg,2018,908,606,434,804,104,330,474
Japan,2018,62605,68301,53461,34153,28452,25009,9144
Libya,2019,160,126,150,52,108,42,10
Kyrgyzstan,2017,32,44,28,11,21,7,4
Kyrgyzstan,2004,0,3,0,0,0,0,0
Japan,2000,19608,45143,16618,4579,15029,1589,2990
Kyrgyzstan,2020,174,115,162,66,108,54,12
Cambodia,2009,85,191,65,42,43,22,20
Hungary,2017,5085,3481,3212,4192,893,2319,1873
Kenya,2021,2921,1049,2635,1886,1035,1600,286
Iraq,2020,4776,2520,4499,1261,3515,984,277
Iran,2017,15446,30593,13352,8709,6737,6615,2094
Ireland,2003,942,2525,502,601,341,161,440
Japan,2009,29886,65591,22781,12954,16932,5849,7105
Mauritania,2001,1,2,1,1,0,1,0
Sudan,2017,319,310,274,209,110,164,45
New Caledonia,2011,6,16,6,1,5,1,0
Mauritius,2014,52,112,45,30,22,23,7
Pakistan,2010,1661,3215,1323,1153,508,815,338
New Caledonia,2016,25,18,18,18,7,11,7
Panama,2011,111,174,75,82,29,46,36
Nepal,2004,41,56,36,19,22,14,5
Mauritius,2000,2,24,1,2,0,1,1
New Caledonia,2012,17,17,11,15,2,9,6
New Caledonia,2007,6,9,1,5,1,0,5
Papua New Guinea,2008,31,34,23,25,6,17,8
Réunion,2014,93,84,66,73,20,46,27
Panama,2009,96,141,71,58,38,33,25
Portugal,2014,7705,7834,4712,6180,1525,3187,2993
Niue,2015,0,1,0,0,0,0,0
Qatar,2020,1970,1558,1713,1471,499,1214,257
Paraguay,2019,235,98,226,83,152,74,9
Palestine,2006,30,126,20,19,11,9,10
Papua New Guinea,2020,99,74,81,70,29,52,18
French Polynesia,2013,13,9,9,10,3,6,4
French Polynesia,2010,5,10,2,4,1,1,3
Malaysia,2012,6067,10431,5080,3362,2705,2375,987
Qatar,2010,83,409,51,68,15,36,32
Sudan,2020,665,275,587,400,265,322,78
Peru,2020,3942,1223,3589,2257,1685,1904,353
Norway,2006,1829,4691,1062,1190,639,423,767
Nicaragua,2007,9,2,8,8,1,7,1
Nepal,2016,856,276,812,492,364,448,44
New Zealand,2006,1522,4774,880,928,594,286,642
Nepal,2017,1162,341,1111,616,546,565,51
Sierra Leone,2017,37,12,32,32,5,27,5
Niger,2016,32,13,26,21,11,15,6
North Korea,2005,3,5,2,1,2,0,1
Saudi Arabia,2014,5067,7902,4013,3541,1526,2487,1054
Montserrat,2012,0,6,0,0,0,0,0
Niger,2021,49,17,46,20,29,17,3
Russia,2006,2579,17726,1093,1860,719,374,1486
Namibia,2019,141,98,115,98,43,72,26
Paraguay,2005,8,8,4,7,1,3,4
Singapore,2006,1369,6970,777,838,531,246,592
Panama,2012,142,218,109,109,33,76,33
Norway,2000,676,2707,466,334,342,124,210
Malawi,2002,15,24,9,7,8,1,6
Netherlands,2005,7816,15007,3935,5678,2138,1797,3881
Palestine,2004,21,85,17,9,12,5,4
Norway,2012,5322,7989,3659,4110,1212,2447,1663
New Zealand,2021,7275,8037,5702,5534,1741,3961,1573
Paraguay,2009,9,16,8,6,3,5,1
Malaysia,2008,1386,2871,858,1074,312,546,528
Philippines,2001,50,248,40,12,38,2,10
Nicaragua,2003,0,2,0,0,0,0,0
Paraguay,2011,18,16,15,14,4,11,3
Nigeria,2004,691,1157,655,108,583,72,36
Russia,2002,1755,14283,749,1265,490,259,1006
Malaysia,2017,10371,11724,8442,6066,4305,4137,1929
Peru,2010,491,236,419,295,196,223,72
Sierra Leone,2015,22,15,16,20,2,14,6
French Polynesia,2017,17,9,11,15,2,9,6
Sierra Leone,2001,0,5,0,0,0,0,0
Montserrat,2008,4,4,0,4,0,0,4
Mozambique,2008,87,429,61,44,43,18,26
Svalbard and Jan Mayen,2017,87,29,60,76,11,49,27
Peru,2000,158,77,145,63,95,50,13
Rwanda,2018,3,1,3,2,1,2,0
Singapore,2021,10354,11432,7409,8026,2328,5081,2945
Saudi Arabia,2020,15427,13075,13111,10363,5064,8047,2316
Mauritania,2003,1,5,1,0,1,0,0
Papua New Guinea,2018,57,66,45,48,9,36,12
Svalbard and Jan Mayen,2016,83,57,59,73,10,49,24
Paraguay,2000,2,5,0,2,0,0,2
Namibia,2015,102,84,82,67,35,47,20
Panama,2007,68,159,51,44,24,27,17
Papua New Guinea,2019,98,52,76,66,32,44,22
Panama,2017,304,182,261,214,90,171,43
New Zealand,2005,1246,4219,798,711,535,263,448
Svalbard and Jan Mayen,2003,3,1,1,2,1,0,2
Singapore,2007,1418,7202,798,890,528,270,620
Poland,2007,2505,8506,1575,1410,1095,480,930
Peru,2021,3682,1284,3383,1933,1749,1634,299
Niger,2010,7,9,7,3,4,3,0
Romania,2008,421,1703,268,256,165,103,153
Mauritius,2020,114,248,94,75,39,55,20
Palestine,2002,20,85,15,11,9,6,5
Norway,2007,2154,5362,1282,1506,648,634,872
Svalbard and Jan Mayen,2018,101,47,72,87,14,58,29
Norway,2019,13663,5779,8990,12104,1559,7431,4673
Réunion,2007,30,49,20,20,10,10,10
Netherlands,2019,39769,15907,29347,33921,5848,23499,10422
Montserrat,2017,3,0,3,3,0,3,0
Namibia,2004,8,14,4,7,1,3,4
Namibia,2006,24,23,16,23,1,15,8
North Korea,2020,49,108,40,18,31,9,9
New Caledonia,2001,0,1,0,0,0,0,0
Sierra Leone,2005,1,3,1,0,1,0,0
New Zealand,2015,4926,7966,3486,3663,1263,2223,1440
Portugal,2004,1374,2071,515,1145,229,286,859
Sudan,2013,164,269,139,113,51,88,25
Réunion,2011,66,73,47,56,10,37,19
Oman,2006,62,257,51,29,33,18,11
Mauritania,2002,1,4,1,0,1,0,0
Qatar,2016,988,1460,562,803,185,377,426
Mozambique,2017,666,676,581,339,327,254,85
Réunion,2019,174,75,129,159,15,114,45
Montserrat,2018,9,0,5,8,1,4,4
Mozambique,2005,66,325,41,38,28,13,25
Mozambique,2006,72,428,41,45,27,14,31
Saudi Arabia,2018,8389,9731,6363,6127,2262,4101,2026
Palestine,2008,50,192,39,34,16,23,11
Russia,2007,2747,19809,1171,2045,702,469,1576
El Salvador,2020,126,31,119,25,101,18,7
French Polynesia,2009,4,7,3,2,2,1,1
Romania,2010,729,2924,511,407,322,189,218
Svalbard and Jan Mayen,2011,26,33,24,18,8,16,2
Senegal,2021,269,184,230,173,96,134,39
French Polynesia,2014,16,4,12,12,4,8,4
Palestine,2021,1076,709,1002,662,414,588,74
Poland,2014,14890,15004,12551,8237,6653,5898,2339
Nepal,2001,12,42,9,6,6,3,3
Senegal,2015,179,167,145,159,20,125,34
Mozambique,2013,222,378,186,105,117,69,36
Portugal,2021,12271,9150,9796,9724,2547,7249,2475
Palestine,2017,514,508,439,308,206,233,75
Malawi,2017,327,68,257,301,26,231,70
Mozambique,2002,45,327,24,28,17,7,21
Papua New Guinea,2021,104,83,85,77,27,58,19
Malawi,2011,127,73,87,113,14,73,40
Palestine,2013,253,375,200,162,91,109,53
Mauritania,2013,1,2,0,1,0,0,1
Nicaragua,2004,2,4,2,0,2,0,0
Panama,2003,27,100,17,18,9,8,10
Mauritania,2014,3,3,3,2,1,2,0
Peru,2014,4721,311,4555,3640,1081,3474,166
Paraguay,2006,5,7,3,3,2,1,2
Paraguay,2002,3,6,3,2,1,2,0
Malaysia,2013,7162,10858,5565,4215,2947,2618,1597
Sudan,2000,12,35,8,6,6,2,4
French Polynesia,2005,2,12,1,2,0,1,1
Philippines,2010,275,678,199,163,112,87,76
North Korea,2004,4,1,4,0,4,0,0
Papua New Guinea,2002,11,30,6,6,5,1,5
Philippines,2013,624,1009,523,333,291,232,101
Pakistan,2019,9991,11291,8898,5961,4030,4868,1093
Réunion,2015,97,66,51,85,12,39,46
Senegal,2005,21,46,17,8,13,4,4
Namibia,2010,22,30,18,17,5,13,4
Palestine,2011,133,262,114,73,60,54,19
Panama,2008,85,128,58,55,30,28,27
El Salvador,2008,90,16,80,61,29,51,10
Qatar,2000,2,34,2,0,2,0,0
Montserrat,2016,5,2,4,4,1,3,1
Norway,2009,3351,8414,2105,2355,996,1109,1246
Russia,2019,28307,44566,23968,12932,15375,8593,4339
Nicaragua,2018,71,19,68,44,27,41,3
Sierra Leone,2010,6,6,5,6,0,5,1
French Polynesia,2015,25,12,14,23,2,12,11
Saudi Arabia,2002,135,719,111,46,89,22,24
Rwanda,2021,1,0,1,1,0,1,0
Malawi,2020,517,118,441,447,70,371,76
El Salvador,2017,329,44,322,188,141,181,7
Poland,2003,1522,6060,1017,747,775,242,505
New Zealand,2017,6003,8219,4287,4523,1480,2807,1716
Saudi Arabia,2001,133,704,111,39,94,17,22
Senegal,2017,230,191,193,169,61,132,37
Saudi Arabia,2004,185,713,134,84,101,33,51
Mozambique,2018,1000,980,912,417,583,329,88
Saudi Arabia,2003,131,773,104,48,83,21,27
Svalbard and Jan Mayen,2006,11,12,9,7,4,5,2
Nigeria,2007,505,1516,390,235,270,120,115
Nicaragua,2012,12,7,11,8,4,7,1
Panama,2019,369,250,285,278,91,194,84
New Caledonia,2004,3,4,0,3,0,0,3
El Salvador,2016,149,22,145,68,81,64,4
Peru,2016,2034,588,1821,1611,423,1398,213
Senegal,2009,49,89,36,39,10,26,13
Rwanda,2017,0,1,0,0,0,0,0
Rwanda,2011,0,1,0,0,0,0,0
Netherlands,2020,46699,13784,35673,40395,6304,29369,11026
Paraguay,2001,7,4,6,5,2,4,1
El Salvador,2014,109,26,105,73,36,69,4
Sudan,2019,481,353,412,292,189,223,69
New Zealand,2012,3390,7697,2388,2343,1047,1341,1002
Sudan,2007,46,74,42,25,21,21,4
Mozambique,2016,567,800,479,291,276,203,88
Oman,2021,898,951,816,551,347,469,82
New Caledonia,2014,46,23,27,41,5,22,19
North Korea,2007,3,7,2,1,2,0,1
Paraguay,2015,121,55,115,75,46,69,6
Pakistan,2006,611,1722,465,350,261,204,146
Romania,2020,5717,4389,5141,3172,2545,2596,576
Panama,2013,169,170,130,130,39,91,39
Nepal,2013,818,240,795,335,483,312,23
French Polynesia,2018,22,19,17,19,3,14,5
Qatar,2014,551,1110,338,430,121,217,213
Panama,2020,491,175,397,331,160,237,94
Malawi,2004,38,38,34,26,12,22,4
Nicaragua,2001,0,1,0,0,0,0,0
Papua New Guinea,2013,59,29,48,52,7,41,11
Nepal,2021,1547,555,1471,945,602,869,76
Malaysia,2011,4122,8752,2954,2872,1250,1704,1168
Saudi Arabia,2019,10170,10788,8115,7051,3119,4996,2055
Nicaragua,2021,66,22,60,24,42,18,6
Peru,2007,259,201,215,141,118,97,44
Oman,2014,372,641,334,220,152,182,38
Qatar,2011,122,532,89,74,48,41,33
Malawi,2015,240,66,193,203,37,156,47
Nepal,2020,1681,479,1589,923,758,831,92
Rwanda,2016,0,1,0,0,0,0,0
Poland,2018,24461,17587,21526,13893,10568,10958,2935
Mozambique,2009,124,411,85,70,54,31,39
Russia,2014,7847,28631,5378,5033,2814,2564,2469
Namibia,2008,14,27,10,10,4,6,4
Singapore,2005,1084,5844,625,680,404,221,459
Senegal,2014,140,143,112,111,29,83,28
El Salvador,2018,164,32,156,77,87,69,8
Namibia,2005,18,26,11,16,2,9,7
Russia,2004,2155,14166,948,1540,615,333,1207
Sierra Leone,2007,2,9,2,1,1,1,0
Poland,2001,1080,4694,690,537,543,147,390
Svalbard and Jan Mayen,2010,27,38,23,11,16,7,4
Namibia,2013,88,48,71,70,18,53,17
Oman,2013,353,560,302,250,103,199,51
Oman,2017,515,652,453,315,200,253,62
Russia,2020,33666,49477,29052,15512,18154,10898,4614
French Polynesia,2003,3,6,2,1,2,0,1
Netherlands,2012,18504,24555,12244,14583,3921,8323,6260
Qatar,2006,23,131,15,15,8,7,8
Niger,2000,0,5,0,0,0,0,0
Philippines,2005,127,340,80,62,65,15,47
Nepal,2005,37,68,26,17,20,6,11
Philippines,2000,54,288,45,16,38,7,9
Paraguay,2020,265,102,251,86,179,72,14
Palestine,2018,652,526,569,377,275,294,83
Norway,2008,2552,5900,1504,1793,759,745,1048
Senegal,2000,9,17,7,2,7,0,2
Peru,2003,179,110,162,89,90,72,17
Malaysia,2005,323,1465,201,184,139,62,122
Malawi,2019,409,116,348,369,40,308,61
Romania,2013,2026,3818,1739,975,1051,688,287
Malawi,2007,66,74,47,51,15,32,19
Niger,2012,12,13,3,11,1,2,9
Papua New Guinea,2006,18,28,9,12,6,3,9
Pakistan,2012,2720,3921,2231,1917,803,1428,489
Malawi,2000,9,34,7,2,7,0,2
Peru,2006,305,170,271,147,158,113,34
Nepal,2012,539,202,512,239,300,212,27
Mauritius,2006,4,53,3,1,3,0,1
Svalbard and Jan Mayen,2013,28,38,25,21,7,18,3
Romania,2009,551,2498,375,310,241,134,176
Philippines,2018,1435,2122,1261,778,657,604,174
French Polynesia,2021,17,14,12,15,2,10,5
Netherlands,2004,6521,13491,3307,4645,1876,1431,3214
Qatar,2007,31,173,15,21,10,5,16
Portugal,2003,1096,1863,428,865,231,197,668
Netherlands,2008,11905,18615,6911,9004,2901,4010,4994
Netherlands,2002,4945,11914,2550,3444,1501,1049,2395
Palestine,2007,38,168,33,13,25,8,5
Réunion,2009,40,63,30,26,14,16,10
Norway,2001,801,2804,544,431,370,174,257
Paraguay,2010,13,7,8,10,3,5,5
Namibia,2021,186,145,159,123,63,96,27
Mauritius,2005,4,38,2,3,1,1,2
Netherlands,2021,46656,11970,36713,40302,6354,30359,9943
Montserrat,2006,2,4,2,0,2,0,0
Svalbard and Jan Mayen,2008,9,31,8,4,5,3,1
Romania,2000,122,614,70,72,50,20,52
Panama,2016,259,153,206,188,71,135,53
Singapore,2003,796,4402,460,462,334,126,336
New Caledonia,2021,16,10,13,13,3,10,3
Sudan,2006,26,63,21,16,10,11,5
Sudan,2016,292,278,257,194,98,159,35
Mozambique,2010,117,401,89,69,48,41,28
Palestine,2005,33,107,19,22,11,8,14
Malawi,2014,192,100,159,171,21,138,33
Malawi,2012,140,90,93,122,18,75,47
French Polynesia,2012,11,13,7,8,3,4,4
Oman,2018,491,746,412,317,174,238,79
Qatar,2001,8,56,6,4,4,2,2
Sudan,2004,16,54,12,7,9,3,4
Philippines,2012,475,979,367,267,208,159,108
Svalbard and Jan Mayen,2004,9,5,6,6,3,3,3
Montserrat,2003,2,3,2,0,2,0,0
Palestine,2010,114,262,85,68,46,39,29
Montserrat,2004,0,3,0,0,0,0,0
Senegal,2010,39,90,26,30,9,17,13
New Caledonia,2020,24,16,15,18,6,9,9
Mauritius,2001,3,31,3,0,3,0,0
Romania,2001,140,692,78,86,54,24,62
Sierra Leone,2009,5,8,5,3,2,3,0
Montserrat,2011,2,3,0,2,0,0,2
Nicaragua,2017,104,10,97,63,41,56,7
Mozambique,2014,327,443,294,135,192,102,33
Qatar,2004,8,114,6,3,5,1,2
Nigeria,2005,623,1499,549,180,443,106,74
Peru,2009,358,201,307,211,147,160,51
Oman,2003,40,203,31,21,19,12,9
Netherlands,2003,5689,12675,3111,3915,1774,1337,2578
Philippines,2019,1999,2312,1790,966,1033,757,209
Russia,2021,30068,41550,26458,14491,15577,10881,3610
New Caledonia,2017,8,18,7,6,2,5,1
New Zealand,2007,1676,5395,970,1054,622,348,706
Malaysia,2018,12577,11819,10350,7283,5294,5056,2227
New Zealand,2009,2285,6529,1403,1491,794,609,882
Netherlands,2013,19586,26854,12824,15345,4241,8583,6762
Senegal,2004,19,39,15,9,10,5,4
Nigeria,2012,1602,1863,1337,1011,591,746,265
Qatar,2012,256,843,190,177,79,111,66
New Caledonia,2010,11,23,10,6,5,5,1
Russia,2017,17735,35889,13959,9945,7790,6169,3776
French Polynesia,2011,10,11,7,8,2,5,3
El Salvador,2012,182,27,171,101,81,90,11
Papua New Guinea,2014,58,53,47,49,9,38,11
Réunion,2002,15,24,10,9,6,4,5
Sudan,2010,95,148,69,68,27,42,26
Nigeria,2010,1115,1704,979,598,517,462,136
New Zealand,2010,2678,7125,1666,1761,917,749,1012
Malawi,2009,95,70,71,84,11,60,24
Nepal,2018,1444,332,1394,692,752,642,50
Poland,2008,3142,8969,2089,1784,1358,731,1053
Oman,2000,58,128,55,28,30,25,3
Nigeria,2011,1225,1820,1041,745,480,561,184
Nepal,2006,47,100,36,22,25,11,11
Oman,2020,846,876,725,489,357,368,121
Niger,2005,3,4,3,2,1,2,0
Réunion,2005,27,49,9,23,4,5,18
North Korea,2014,14,15,9,9,5,4,5
Peru,2012,1133,232,1030,796,337,693,103
Niger,2009,6,9,6,5,1,5,0
Saudi Arabia,2006,252,845,191,120,132,59,61
Paraguay,2018,256,53,249,123,133,116,7
Namibia,2017,139,76,118,82,57,61,21
Paraguay,2007,5,9,5,3,2,3,0
Saudi Arabia,2009,686,1908,560,380,306,254,126
Singapore,2013,4255,11418,2615,3273,982,1633,1640
Netherlands,2015,24766,22940,17018,20636,4130,12888,7748
French Polynesia,2019,29,16,20,28,1,19,9
Senegal,2011,86,102,61,65,21,40,25
Netherlands,2001,4455,11796,2355,3024,1431,924,2100
Romania,2007,404,1511,268,228,176,92,136
Netherlands,2009,13862,21254,8218,10679,3183,5035,5644
Mauritania,2000,3,3,3,0,3,0,0
Peru,2004,156,86,139,73,83,56,17
North Korea,2010,3,4,1,3,0,1,2
New Zealand,2003,917,3303,629,445,472,157,288
Montserrat,2005,2,2,1,2,0,1,1
Mauritania,2012,4,3,4,2,2,2,0
Qatar,2021,2188,1297,1993,1573,615,1378,195
Panama,2018,373,160,315,240,133,182,58
Panama,2005,32,112,23,17,15,8,9
Pakistan,2004,386,1081,291,203,183,108,95
Nepal,2003,84,55,79,28,56,23,5
Senegal,2007,27,77,16,21,6,10,11
Réunion,2020,190,79,155,177,13,142,35
North Korea,2006,1,5,1,0,1,0,0
Nigeria,2013,2235,2337,1933,1474,761,1172,302
Norway,2020,16073,5291,12556,13936,2137,10419,3517
Sudan,2012,123,245,101,71,52,49,22
Sierra Leone,2003,1,3,0,1,0,0,1
Qatar,2019,1139,1368,948,869,270,678,191
Namibia,2020,178,157,150,124,54,96,28
Romania,2011,967,2815,712,528,439,273,255
Saudi Arabia,2010,1271,2856,1020,814,457,563,251
Rwanda,2020,6,4,6,3,3,3,0
Pakistan,2001,253,766,201,106,147,54,52
Panama,2014,169,165,127,141,28,99,42
Papua New Guinea,2009,31,34,20,27,4,16,11
Pakistan,2009,1289,2888,1034,922,367,667,255
Romania,2017,3224,4466,2645,1914,1310,1335,579
New Zealand,2008,1890,6062,1120,1215,675,445,770
Nicaragua,2016,52,11,48,21,31,17,4
Paraguay,2003,7,5,7,3,4,3,0
Pakistan,2005,485,1315,342,283,202,140,143
Malawi,2003,19,28,15,13,6,9,4
Saudi Arabia,2011,2026,4179,1630,1335,691,939,396
Senegal,2020,364,191,310,232,132,178,54
Poland,2019,24753,16501,22113,13754,10999,11114,2640
Philippines,2017,1238,1677,1099,662,576,523,139
Nigeria,2020,10623,5638,9793,3812,6811,2982,830
Malaysia,2021,14255,12582,13076,7252,7003,6073,1179
Panama,2002,30,81,17,22,8,9,13
Peru,2011,783,242,691,529,254,437,92
Nicaragua,2006,3,7,3,3,0,3,0
Réunion,2017,135,69,88,126,9,79,47
Russia,2008,3065,20398,1383,2273,792,591,1682
Pakistan,2008,987,2238,800,648,339,461,187
Peru,2019,3235,967,2994,1878,1357,1637,241
New Zealand,2001,709,2954,519,303,406,113,190
Portugal,2010,3600,5275,1873,2922,678,1195,1727
Netherlands,2000,4055,10916,2176,2615,1440,736,1879
New Zealand,2016,5445,8309,3813,4106,1339,2474,1632
Netherlands,2006,8716,17023,4328,6413,2303,2025,4388
Sudan,2009,50,151,41,34,16,25,9
El Salvador,2005,60,53,55,44,16,39,5
Pakistan,2018,8013,9630,6945,5226,2787,4158,1068
Mozambique,2004,65,369,35,40,25,10,30
Palestine,2016,416,376,344,278,138,206,72
Mozambique,2011,179,431,140,88,91,49,39
Qatar,2013,331,940,235,258,73,162,96
Nicaragua,2005,6,2,4,5,1,3,2
Mauritius,2008,12,54,10,4,8,2,2
Sierra Leone,2021,81,33,73,72,9,64,8
Philippines,2015,999,1364,863,511,488,375,136
Svalbard and Jan Mayen,2012,32,47,23,21,11,12,9
Mozambique,2015,470,474,410,206,264,146,60
Nigeria,2009,695,1683,558,457,238,320,137
Nepal,2007,69,106,56,33,36,20,13
Singapore,2008,1861,7986,1053,1246,615,438,808
Sudan,2002,16,51,15,6,10,5,1
Saudi Arabia,2021,18182,14482,16296,12042,6140,10156,1886
Montserrat,2013,4,3,2,3,1,1,2
North Korea,2009,2,7,2,2,0,2,0
French Polynesia,2006,8,14,5,6,2,3,3
Philippines,2008,197,507,147,99,98,49,50
Réunion,2006,29,41,15,24,5,10,14
Niger,2011,11,11,9,7,4,5,2
Panama,2000,22,60,16,9,13,3,6
Nepal,2002,19,42,14,9,10,4,5
Poland,2013,10432,14292,8579,6224,4208,4371,1853
Niger,2017,34,28,32,24,10,22,2
Sierra Leone,2018,47,14,45,39,8,37,2
Palestine,2003,12,96,8,6,6,2,4
Réunion,2018,121,101,92,106,15,77,29
Namibia,2014,116,80,91,88,28,63,25
Romania,2018,3525,4459,2925,1907,1618,1307,600
El Salvador,2003,62,39,53,43,19,34,9
Portugal,2018,10320,8481,7019,8359,1961,5058,3301
Philippines,2014,728,1195,611,369,359,252,117
North Korea,2021,36,150,27,16,20,7,9
Svalbard and Jan Mayen,2007,13,32,10,7,6,4,3
Poland,2002,1120,5045,714,579,541,173,406
Palestine,2000,12,60,8,7,5,3,4
Montserrat,2020,5,1,4,3,2,2,1
Poland,2010,4816,10195,3373,2861,1955,1418,1443
New Zealand,2018,6296,8111,4384,4889,1407,2977,1912
Romania,2015,3098,4828,2574,1353,1745,829,524
Malawi,2013,167,76,129,145,22,107,38
Namibia,2009,27,22,20,24,3,17,7
Portugal,2011,4336,6028,2345,3517,819,1526,1991
Réunion,2004,22,46,17,13,9,8,5
Senegal,2016,211,196,188,161,50,138,23
Nigeria,2006,627,1595,552,194,433,119,75
New Caledonia,2008,5,5,2,4,1,1,3
Romania,2002,153,672,97,102,51,46,56
Mauritania,2019,16,9,12,11,5,7,4
Pakistan,2014,3688,5145,3096,2558,1130,1966,592
Malawi,2005,39,41,31,21,18,13,8
Romania,2003,189,758,128,108,81,47,61
Nepal,2019,1201,353,1126,629,572,554,75
Svalbard and Jan Mayen,2005,10,19,5,8,2,3,5
Réunion,2016,121,63,74,109,12,62,47
Papua New Guinea,2004,10,30,5,7,3,2,5
North Korea,2011,4,6,3,2,2,1,1
Singapore,2017,7170,11629,4972,5379,1791,3181,2198
Mozambique,2007,85,415,55,46,39,16,30
Malawi,2006,35,50,23,26,9,14,12
Svalbard and Jan Mayen,2019,98,37,71,90,8,63,27
Philippines,2016,1079,1344,950,610,469,481,129
Paraguay,2004,3,6,3,1,2,1,0
Oman,2011,181,385,144,113,68,76,37
Paraguay,2016,162,67,156,82,80,76,6
Svalbard and Jan Mayen,2009,21,28,18,7,14,4,3
Philippines,2002,77,324,63,20,57,6,14
Nepal,2000,18,32,15,5,13,2,3
Norway,2016,9045,8064,6256,7443,1602,4654,2789
Nigeria,2001,141,549,125,31,110,15,16
Saudi Arabia,2017,7225,9117,5404,5174,2051,3353,1821
Svalbard and Jan Mayen,2020,105,29,85,94,11,74,20
Mozambique,2001,69,396,44,36,33,11,25
El Salvador,2007,92,38,85,70,22,63,7
Malawi,2021,525,148,430,475,50,380,95
Niger,2020,71,21,67,27,44,23,4
Sudan,2005,18,64,12,15,3,9,6
Poland,2009,3814,10157,2595,2107,1707,888,1219
Nigeria,2003,216,705,179,85,131,48,37
Palestine,2020,930,702,829,553,377,452,101
North Korea,2015,17,21,9,11,6,3,8
Romania,2019,4341,4558,3698,2483,1858,1840,643
Namibia,2016,133,90,113,67,66,47,20
Niger,2007,6,10,5,4,2,3,1
Netherlands,2007,10713,17485,6094,7882,2831,3263,4619
Norway,2013,5930,8062,4008,4723,1207,2801,1922
Sudan,2018,372,346,317,247,125,192,55
Romania,2006,284,1100,167,177,107,60,117
Saudi Arabia,2005,174,779,125,91,83,42,49
New Zealand,2013,4094,8033,2802,2900,1194,1608,1292
Senegal,2002,9,26,8,4,5,3,1
Russia,2005,2364,14477,963,1777,587,376,1401
New Zealand,2011,3027,7815,1997,2062,965,1032,1030
Russia,2010,3635,22519,1773,2618,1017,756,1862
New Zealand,2019,6866,8315,4845,5328,1538,3307,2021
Panama,2004,46,102,26,26,20,6,20
Papua New Guinea,2017,80,55,66,67,13,53,14
Senegal,2003,15,51,13,10,5,8,2
Oman,2002,43,188,39,22,21,18,4
Poland,2011,6021,10966,4640,3466,2555,2085,1381
Russia,2016,16169,35474,12735,9534,6635,6100,3434
Poland,2017,24153,17588,20795,13002,11151,9644,3358
Palestine,2019,732,657,664,399,333,331,68
Mauritius,2018,80,184,62,53,27,35,18
Portugal,2009,3269,4616,1567,2622,647,920,1702
Namibia,2007,15,16,13,14,1,12,2
Malaysia,2019,12739,11393,10870,6626,6113,4757,1869
Niger,2006,1,5,1,0,1,0,0
Qatar,2015,659,1204,415,526,133,282,244
Nicaragua,2020,112,32,107,38,74,33,5
Singapore,2011,3017,9937,1825,2214,803,1022,1192
Panama,2015,227,167,179,184,43,136,48
Malawi,2016,260,86,218,224,36,182,42
Montserrat,2019,2,0,2,1,1,1,0
New Caledonia,2002,2,0,0,2,0,0,2
Qatar,2005,19,115,14,8,11,3,5
Mauritania,2008,8,2,8,6,2,6,0
French Polynesia,2004,3,5,3,1,2,1,0
Romania,2005,244,844,157,141,103,54,87
Saudi Arabia,2013,3735,6560,2984,2532,1203,1781,751
Malaysia,2016,9685,12524,7762,5941,3744,4018,1923
Mauritania,2010,2,5,2,1,1,1,0
Oman,2009,116,308,77,72,44,33,39
Singapore,2009,2141,8638,1177,1517,624,553,964
Namibia,2001,10,16,8,4,6,2,2
Nicaragua,2009,18,8,18,12,6,12,0
Romania,2004,216,723,156,103,113,43,60
Saudi Arabia,2008,378,1191,276,212,166,110,102
Senegal,2013,127,149,101,98,29,72,26
Mauritius,2010,15,77,12,10,5,7,3
Réunion,2001,7,24,4,6,1,3,3
Philippines,2007,176,460,130,81,95,35,46
Peru,2002,120,68,106,51,69,37,14
Netherlands,2018,36600,16292,26206,30836,5764,20442,10394
Niger,2008,8,9,6,7,1,5,2
El Salvador,2019,103,32,99,31,72,27,4
Malaysia,2000,137,664,90,67,70,20,47
Niger,2015,18,18,14,14,4,10,4
Pakistan,2002,282,861,204,151,131,73,78
Philippines,2021,2947,2337,2654,1497,1450,1204,293
Oman,2008,70,300,58,37,33,25,12
Mauritania,2018,15,3,14,15,0,14,1
Sierra Leone,2008,2,4,2,1,1,1,0
Svalbard and Jan Mayen,2014,46,42,38,41,5,33,8
Pakistan,2020,14584,13428,13357,7556,7028,6329,1227
Niger,2004,1,5,1,1,0,1,0
Réunion,2012,84,65,66,69,15,51,18
Panama,2006,54,121,38,34,20,18,16
El Salvador,2001,81,24,77,40,41,36,4
Montserrat,2007,2,2,1,2,0,1,1
Panama,2010,105,193,73,78,27,46,32
North Korea,2017,24,47,15,12,12,3,9
Mauritania,2021,9,15,9,4,5,4,0
New Caledonia,2019,11,9,8,11,0,8,3
Senegal,2008,40,71,29,30,10,19,11
Niger,2019,64,19,60,34,30,30,4
Mauritania,2006,5,3,3,4,1,2,2
Norway,2017,11086,7072,7095,9552,1534,5561,3991
Papua New Guinea,2001,12,39,9,7,5,4,3
Montserrat,2014,16,11,7,13,3,4,9
North Korea,2016,23,31,12,16,7,5,11
Sudan,2008,43,108,39,27,16,23,4
Nepal,2008,94,101,77,51,43,34,17
Montserrat,2002,2,10,1,2,0,1,1
Singapore,2014,5018,11426,3240,3852,1166,2074,1778
Montserrat,2000,0,4,0,0,0,0,0
Netherlands,2011,17138,23135,11304,13488,3650,7654,5834
Philippines,2009,216,593,162,115,101,61,54
French Polynesia,2001,3,5,0,3,0,0,3
Norway,2021,15711,4947,13008,13381,2330,10678,2703
Netherlands,2014,21068,25911,13949,16950,4118,9831,7119
North Korea,2018,24,68,15,15,9,6,9
Sudan,2011,122,149,105,96,26,79,17
Svalbard and Jan Mayen,2015,72,37,54,56,16,38,18
Qatar,2008,59,210,29,52,7,22,30
Papua New Guinea,2005,10,19,6,5,5,1,4
Malawi,2001,16,29,12,5,11,1,4
Nigeria,2019,7551,4472,6938,2838,4713,2225,613
Mozambique,2019,1508,1278,1419,498,1010,409,89
El Salvador,2010,88,19,82,64,24,58,6
New Zealand,2002,796,3141,581,339,457,124,215
Malaysia,2003,201,928,139,98,103,36,62
Senegal,2019,276,177,231,179,97,134,45
Mauritania,2017,8,1,8,5,3,5,0
Palestine,2001,8,50,8,2,6,2,0
Namibia,2000,2,12,2,0,2,0,0
Mauritania,2005,3,5,1,3,0,1,2
Sierra Leone,2004,1,3,1,0,1,0,0
Russia,2009,3388,21836,1644,2401,987,657,1744
New Caledonia,2003,1,5,0,1,0,0,1
Mauritius,2004,7,28,6,4,3,3,1
Nigeria,2016,3627,3462,3178,2064,1563,1615,449
Nicaragua,2015,34,6,32,26,8,24,2
Rwanda,2015,1,0,0,1,0,0,1
Russia,2000,1462,12028,556,1022,440,116,906
Senegal,2006,26,52,20,16,10,10,6
New Caledonia,2013,9,17,5,8,1,4,4
Oman,2010,135,329,107,89,46,61,28
Papua New Guinea,2010,33,43,22,28,5,17,11
El Salvador,2021,85,29,83,31,54,29,2
Portugal,2002,900,1628,396,669,231,165,504
Malaysia,2020,14822,11868,13121,7501,7321,5800,1701
Malawi,2018,394,93,319,363,31,288,75
Mauritius,2003,2,27,2,1,1,1,0
Saudi Arabia,2012,3089,5319,2457,2170,919,1538,632
North Korea,2012,2,7,1,2,0,1,1
Norway,2014,6884,7754,4771,5656,1228,3543,2113
Pakistan,2016,5432,6785,4620,3633,1799,2821,812
New Caledonia,2015,35,27,19,28,7,12,16
Qatar,2018,967,1301,677,793,174,503,290
Réunion,2003,10,41,7,5,5,2,3
Montserrat,2009,0,3,0,0,0,0,0
Panama,2001,27,79,19,11,16,3,8
New Caledonia,2000,3,5,0,3,0,0,3
New Zealand,2000,666,2798,491,274,392,99,175
Singapore,2015,5827,11993,3881,4510,1317,2564,1946
Papua New Guinea,2000,13,30,4,11,2,2,9
Malaysia,2001,145,707,85,80,65,20,60
Sierra Leone,2013,10,5,6,9,1,5,4
Norway,2010,4001,7162,2540,2961,1040,1500,1461
Romania,2014,2860,4328,2438,1291,1569,869,422
Palestine,2015,320,404,255,211,109,146,65
Portugal,2020,13468,9132,10118,10455,3013,7105,3350
Nicaragua,2008,28,6,24,22,6,18,4
Portugal,2001,801,1439,324,607,194,130,477
Oman,2001,41,172,38,18,23,15,3
El Salvador,2004,66,56,59,40,26,33,7
Nigeria,2017,4017,3760,3449,2200,1817,1632,568
Senegal,2001,4,21,2,4,0,2,2
Sierra Leone,2000,0,4,0,0,0,0,0
Portugal,2000,671,1201,279,514,157,122,392
Namibia,2002,3,9,3,2,1,2,0
Russia,2013,6599,24199,3833,4727,1872,1961,2766
Netherlands,2016,29313,21258,20480,24142,5171,15309,8833
Portugal,2015,8490,8122,5361,6879,1611,3750,3129
Qatar,2017,855,1249,567,715,140,427,288
Mauritius,2002,2,33,2,1,1,1,0
Papua New Guinea,2016,81,36,59,63,18,41,22
El Salvador,2013,82,30,74,55,27,47,8
Norway,2011,4668,7485,3183,3504,1164,2019,1485
Nigeria,2014,2846,2694,2453,1736,1110,1343,393
El Salvador,2002,49,31,44,30,19,25,5
Namibia,2012,52,45,30,49,3,27,22
Mauritius,2012,36,110,25,23,13,12,11
Montserrat,2001,1,1,1,1,0,1,0
Philippines,2006,120,403,84,57,63,21,36
Montserrat,2021,4,2,2,4,0,2,2
Mozambique,2003,59,389,43,30,29,14,16
Sudan,2015,225,312,200,154,71,129,25
Malaysia,2015,8358,14345,6593,5260,3098,3495,1765
Niger,2003,2,4,1,2,0,1,1
Poland,2006,2205,8171,1326,1270,935,391,879
Russia,2011,4217,22967,2463,3022,1195,1268,1754
Mozambique,2020,2185,1657,2091,736,1449,642,94
New Zealand,2020,7901,8572,5801,6175,1726,4075,2100
Portugal,2013,6597,7474,3810,5384,1213,2597,2787
Saudi Arabia,2016,6901,8851,5214,4834,2067,3147,1687
Russia,2012,5262,22205,3380,3592,1670,1710,1882
Russia,2001,1557,14479,594,1153,404,190,963
Réunion,2000,14,19,10,6,8,2,4
Mauritania,2007,3,4,3,0,3,0,0
Pakistan,2000,234,687,187,85,149,38,47
Philippines,2020,2610,2456,2302,1301,1309,993,308
Saudi Arabia,2000,104,698,92,28,76,16,12
Singapore,2020,10663,12573,7594,8306,2357,5237,3069
Paraguay,2017,172,70,162,84,88,74,10
Portugal,2006,1885,3126,709,1560,325,384,1176
Peru,2001,120,73,112,44,76,36,8
Rwanda,2014,0,1,0,0,0,0,0
Sierra Leone,2012,2,7,2,2,0,2,0
Romania,2012,1696,3451,1420,794,902,518,276
Malaysia,2006,457,2042,268,278,179,89,189
Mauritania,2011,7,7,6,5,2,4,1
Svalbard and Jan Mayen,2021,125,13,107,117,8,99,18
Mauritius,2015,53,144,42,35,18,24,11
Sudan,2021,670,459,614,396,274,340,56
Paraguay,2014,41,25,41,30,11,30,0
Portugal,2017,9860,7988,6367,8227,1633,4734,3493
Singapore,2010,2756,9507,1628,1962,794,834,1128
Senegal,2012,133,123,98,113,20,78,35
Malaysia,2014,8230,13562,6631,5481,2749,3882,1599
Panama,2021,434,208,354,310,124,230,80
Nepal,2010,172,143,152,92,80,72,20
North Korea,2019,50,109,36,26,24,12,14
Malawi,2010,111,76,82,98,13,69,29
Nicaragua,2019,74,20,67,41,33,34,7
North Korea,2008,1,7,0,1,0,0,1
El Salvador,2009,83,24,70,66,17,53,13
Sudan,2001,13,40,6,8,5,1,7
Philippines,2004,92,314,68,38,54,14,24
Poland,2015,18596,16868,15777,10155,8441,7336,2819
El Salvador,2006,53,36,43,43,10,33,10
Niger,2018,45,17,38,20,25,13,7
Oman,2016,475,650,416,310,165,251,59
Saudi Arabia,2007,288,1047,208,137,151,57,80
Pakistan,2013,3136,4590,2548,2229,907,1641,588
Paraguay,2021,198,53,181,69,129,52,17
Nicaragua,2010,9,7,6,8,1,5,3
Peru,2013,1681,287,1568,1310,371,1197,113
Norway,2018,12224,6266,7549,10582,1642,5907,4675
Poland,2021,26242,11557,23916,17794,8448,15468,2326
Sudan,2003,21,47,15,8,13,2,6
Mauritius,2007,7,47,5,4,3,2,2
New Zealand,2004,1111,3668,756,552,559,197,355
Mauritius,2017,66,192,50,48,18,32,16
Malaysia,2010,3150,6326,2247,2350,800,1447,903
Nigeria,2002,203,700,180,49,154,26,23
Sudan,2014,214,210,198,142,72,126,16
Russia,2015,12625,32657,9492,7386,5239,4253,3133
Paraguay,2008,3,10,2,2,1,1,1
Palestine,2012,246,363,210,119,127,83,36
Portugal,2007,2262,3225,953,1873,389,564,1309
Nigeria,2008,592,1360,472,323,269,203,120
North Korea,2013,4,7,1,3,1,0,3
Russia,2003,1870,14616,824,1322,548,276,1046
Malaysia,2009,2292,4504,1572,1821,471,1101,720
Singapore,2018,7592,11962,5078,5925,1667,3411,2514
Papua New Guinea,2007,22,36,13,18,4,9,9
Peru,2018,2613,734,2328,1724,889,1439,285
French Polynesia,2020,32,11,24,31,1,23,8
Oman,2019,574,806,503,348,226,277,71
French Polynesia,2007,7,10,5,3,4,1,2
Réunion,2010,56,67,41,43,13,28,15
Sierra Leone,2002,0,3,0,0,0,0,0
Nepal,2015,931,292,885,488,443,442,46
Poland,2000,947,4264,619,435,512,107,328
Malaysia,2004,242,1160,146,153,89,57,96
Peru,2008,310,167,265,179,131,134,45
El Salvador,2015,102,25,94,59,43,51,8
New Caledonia,2018,8,11,5,7,1,4,3
Nepal,2009,125,81,106,81,44,62,19
Nigeria,2018,5923,4124,5388,2910,3013,2375,535
Philippines,2003,81,298,62,32,49,13,19
Netherlands,2017,32474,17953,22945,27266,5208,17737,9529
Norway,2002,870,3042,592,461,409,183,278
Palestine,2009,65,234,49,40,25,24,16
Oman,2005,51,223,42,33,18,24,9
French Polynesia,2000,3,0,3,1,2,1,0
Mauritius,2016,61,148,45,42,19,26,16
Mauritius,2013,50,132,42,24,26,16,8
Portugal,2008,2723,3803,1195,2214,509,686,1528
Namibia,2018,104,101,91,68,36,55,13
Malaysia,2007,595,2342,334,380,215,119,261
Nepal,2014,729,223,698,363,366,332,31
Nicaragua,2014,28,11,25,25,3,22,3
Palestine,2014,310,455,265,174,136,129,45
Papua New Guinea,2011,45,41,31,39,6,25,14
Sierra Leone,2006,0,3,0,0,0,0,0
Pakistan,2015,4291,5808,3660,2952,1339,2321,631
Oman,2004,47,194,39,26,21,18,8
Peru,2005,198,112,179,78,120,59,19
Namibia,2011,41,32,35,31,10,25,6
Singapore,2019,8510,11924,5844,6634,1876,3968,2666
Norway,2003,1042,3062,645,599,443,202,397
Paraguay,2012,26,25,23,20,6,17,3
Singapore,2001,464,3671,315,200,264,51,149
Mauritania,2015,0,2,0,0,0,0,0
Pakistan,2003,371,920,297,168,203,94,74
Peru,2015,1818,397,1399,1410,408,991,419
Pakistan,2007,781,2035,601,471,310,291,180
Qatar,2009,86,266,52,62,24,28,34
Rwanda,2019,1,0,1,1,0,1,0
Mozambique,2012,179,393,139,97,82,57,40
Singapore,2004,930,4983,570,547,383,187,360
Mauritania,2004,4,5,1,3,1,0,3
Mauritania,2020,14,14,13,11,3,10,1
Niger,2002,2,3,1,2,0,1,1
Nigeria,2000,123,559,113,23,100,13,10
Senegal,2018,219,210,187,153,66,121,32
Mauritius,2021,107,213,98,65,42,56,9
Sierra Leone,2019,45,14,40,34,11,29,5
Singapore,2000,440,3431,326,172,268,58,114
Nigeria,2021,9514,6133,8997,3386,6128,2869,517
French Polynesia,2002,1,2,0,1,0,0,1
Singapore,2016,6656,12087,4489,5042,1614,2875,2167
Portugal,2016,9097,8429,5714,7520,1577,4137,3383
Pakistan,2021,16010,13154,14837,8480,7530,7307,1173
Peru,2017,2290,607,2071,1589,701,1370,219
Réunion,2013,83,64,50,72,11,39,33
Norway,2004,1249,3490,763,750,499,264,486
Sierra Leone,2020,87,20,79,62,25,54,8
Pakistan,2017,6689,8059,5737,4470,2219,3518,952
Sierra Leone,2014,10,7,6,9,1,5,4
Paraguay,2013,25,21,24,18,7,17,1
French Polynesia,2008,10,14,6,7,3,3,4
Mauritius,2009,10,64,8,2,8,0,2
New Zealand,2014,4354,8006,3001,3213,1141,1860,1353
Romania,2016,2719,4524,2151,1464,1255,896,568
Namibia,2003,8,13,6,6,2,4,2
Netherlands,2010,15974,24607,9859,12554,3420,6439,6115
Papua New Guinea,2012,52,35,39,46,6,33,13
Mauritius,2019,92,261,78,52,40,38,14
Sierra Leone,2011,2,6,2,2,0,2,0
Montserrat,2015,7,1,4,6,1,3,3
Norway,2005,1486,4103,897,947,539,358,589
Papua New Guinea,2003,10,42,3,9,1,2,7
Portugal,2005,1464,2252,559,1223,241,318,905
Réunion,2021,206,76,163,180,26,137,43
Malaysia,2002,138,852,84,71,67,17,54
Oman,2015,468,658,407,300,168,239,61
Norway,2015,7533,7488,5313,6187,1346,3967,2220
Niger,2014,24,16,14,22,2,12,10
Qatar,2002,3,55,3,0,3,0,0
Qatar,2003,8,72,5,6,2,3,3
Niger,2013,21,22,15,20,1,14,6
Mozambique,2000,51,339,26,33,18,8,25
Philippines,2011,310,729,206,200,110,96,104
Nicaragua,2002,2,5,2,1,1,1,0
Romania,2021,5495,3750,5056,3726,1769,3287,439
Nicaragua,2011,12,10,10,9,3,7,2
Malawi,2008,76,59,66,60,16,50,10
Portugal,2012,5596,6845,3452,4456,1140,2312,2144
Singapore,2002,620,3840,380,315,305,75,240
Pakistan,2011,2117,3578,1741,1498,619,1122,376
Poland,2005,1945,7071,1161,1125,820,341,784
Oman,2012,227,486,196,156,71,125,31
Portugal,2019,11633,8860,8013,9176,2457,5556,3620
Oman,2007,63,279,58,33,30,28,5
Singapore,2012,3808,10483,2309,2824,984,1325,1499
El Salvador,2011,183,37,176,110,73,103,7
Réunion,2008,40,66,31,29,11,20,9
Nepal,2011,167,131,145,118,49,96,22
Mauritania,2009,5,7,5,5,0,5,0
Saudi Arabia,2015,6127,8619,4674,4360,1767,2907,1453
Mozambique,2021,1846,1578,1794,677,1169,625,52
Papua New Guinea,2015,86,57,64,67,19,45,22
Poland,2016,21126,18226,17976,11488,9638,8338,3150
Nigeria,2015,2911,2916,2532,1818,1093,1439,379
Nicaragua,2013,25,5,20,24,1,19,5
Niger,2001,1,3,1,1,0,1,0
New Caledonia,2006,4,20,3,2,2,1,1
El Salvador,2000,62,2,60,35,27,33,2
French Polynesia,2016,28,13,21,23,5,16,7
New Caledonia,2005,10,9,4,7,3,1,6
New Caledonia,2009,9,18,4,7,2,2,5
Poland,2020,28863,13809,26175,17331,11532,14643,2688
Mauritania,2016,2,2,1,2,0,1,1
Montserrat,2010,11,3,7,8,3,4,4
Mauritius,2011,12,63,11,4,8,3,1
Poland,2004,1716,6723,1075,894,822,253,641
Sierra Leone,2016,35,10,33,26,9,24,2
Russia,2018,21261,40687,17329,11250,10011,7318,3932
Poland,2012,8213,11946,6637,4940,3273,3364,1576