,year,name,total,open,closed,publisher,other_platform,publisher_only,both,other_platform_only
0,2020,,17529,8227,9302,6269,5603,2624,3645,4822
1,2020,Afghanistan,44,32,12,31,9,23,8,6
2,2020,Albania,192,95,97,93,42,53,40,34
3,2020,Algeria,1146,307,839,268,100,207,61,89
4,2020,Antigua and Barbuda,2229,1021,1208,950,564,457,493,476
5,2020,Argentina,9231,4022,5209,3315,2175,1847,1468,1964
6,2020,Armenia,451,234,217,210,168,66,144,147
7,2020,Australia,90981,36057,54924,29527,22911,13146,16381,19888
8,2020,Austria,17006,10281,6725,8655,6268,4013,4642,4537
9,2020,Azerbaijan,576,225,351,194,88,137,57,78
10,2020,Bahamas,12,4,8,3,2,2,1,1
11,2020,Bahrain,546,215,331,206,109,106,100,93
12,2020,Bangladesh,5862,2944,2918,2608,1328,1616,992,1160
13,2020,Belarus,1079,578,501,539,152,426,113,121
14,2020,Belgium,24561,12386,12175,9588,8790,3596,5992,7287
15,2020,Belize,8,4,4,4,3,1,3,3
16,2020,Benin,405,248,157,192,186,62,130,163
17,2020,Bermuda,24,16,8,13,11,5,8,8
18,2020,Bhutan,25,10,15,9,2,8,1,2
19,2020,Bolivia (Plurinational State of),138,79,59,73,31,48,25,29
20,2020,Bosnia and Herzegovina,1333,576,757,524,249,327,197,218
21,2020,Botswana,475,192,283,183,77,115,68,72
22,2020,Brazil,77241,46346,30895,43501,12135,34211,9290,11088
23,2020,Brunei Darussalam,318,141,177,130,65,76,54,60
24,2020,Bulgaria,2281,1065,1216,900,545,520,380,468
25,2020,Burkina Faso,24,15,9,13,8,7,6,7
26,2020,Burundi,28,19,9,16,8,11,5,8
27,2020,Cabo Verde,5,2,3,2,1,1,1,1
28,2020,Cambodia,1461,636,825,596,302,334,262,259
29,2020,Cameroon,1046,568,478,529,286,282,247,268
30,2020,Canada,92399,37064,55335,30595,22384,14680,15915,19486
31,2020,Cayman Islands,6,4,2,4,3,1,3,3
32,2020,Chad,13,8,5,8,4,4,4,4
33,2020,Chile,8701,4628,4073,3863,2602,2026,1837,2286
34,2020,China,452102,146668,305434,129759,85290,61378,68381,77699
35,2020,Colombia,8439,4951,3488,4565,2277,2674,1891,1972
36,2020,Congo,29,20,9,17,11,9,8,10
37,2020,"Congo, Democratic Republic of the",215,142,73,125,89,53,72,79
38,2020,Costa Rica,765,388,377,344,214,174,170,191
39,2020,Croatia,3623,1990,1633,1791,1139,851,940,995
40,2020,Cuba,546,340,206,314,176,164,150,157
41,2020,Cyprus,2959,1200,1759,999,717,483,516,593
42,2020,Czechia,10845,4920,5925,4107,3036,1884,2223,2620
43,2020,Côte d'Ivoire,201,126,75,116,53,73,43,44
44,2020,Denmark,23144,11143,12001,8997,7867,3276,5721,6372
45,2020,Dominican Republic,129,79,50,71,37,42,29,35
46,2020,Ecuador,1699,968,731,905,400,568,337,342
47,2020,Egypt,21873,9266,12607,8905,3033,6233,2672,2746
48,2020,El Salvador,47,35,12,33,10,25,8,8
49,2020,Eritrea,2,0,2,0,0,0,0,0
50,2020,Estonia,2785,1286,1499,1060,812,474,586,638
51,2020,Eswatini,15,4,11,4,1,3,1,1
52,2020,Ethiopia,3176,2288,888,2215,1558,730,1485,1469
53,2020,Faroe Islands,38,20,18,16,12,8,8,11
54,2020,Fiji,301,126,175,109,65,61,48,57
55,2020,Finland,15115,8855,6260,7140,6079,2776,4364,4306
56,2020,France,61070,29342,31728,19994,21723,7619,12375,19167
57,2020,French Guiana,10,9,1,9,9,0,9,6
58,2020,French Polynesia,35,20,15,14,14,6,8,14
59,2020,Gabon,108,63,45,58,48,15,43,30
60,2020,Gambia,28,19,9,19,14,5,14,13
61,2020,Georgia,555,291,264,255,218,73,182,173
62,2020,Germany,111215,60934,50281,49818,37876,23058,26760,28865
63,2020,Ghana,3408,1898,1510,1798,944,954,844,858
64,2020,Greece,12966,5446,7520,4674,3278,2168,2506,2767
65,2020,Greenland,20,8,12,7,7,1,6,5
66,2020,Grenada,369,206,163,193,128,78,115,86
67,2020,Guatemala,393,238,155,210,131,107,103,121
68,2020,Guinea-Bissau,34,19,15,18,15,4,14,13
69,2020,Guyana,26,18,8,18,6,12,6,4
70,2020,Holy See,1,1,0,1,0,1,0,0
71,2020,Hungary,7153,4771,2382,4196,2793,1978,2218,2016
72,2020,Iceland,1153,553,600,450,343,210,240,261
73,2020,India,103712,28749,74963,24040,13341,15408,8632,12162
74,2020,Indonesia,21508,17302,4206,17047,2500,14802,2245,1963
75,2020,Iran (Islamic Republic of),47717,14833,32884,13540,6453,8380,5160,6010
76,2020,Iraq,4167,2218,1949,2141,481,1737,404,394
77,2020,Ireland,13473,6527,6946,5466,4295,2232,3234,3422
78,2020,Israel,18557,8123,10434,5881,5685,2438,3443,5003
79,2020,Italy,78097,37309,40788,30805,26422,10887,19918,23006
80,2020,Jamaica,671,292,379,263,169,123,140,148
81,2020,Japan,100360,47140,53220,41984,23293,23847,18137,19962
82,2020,Jersey,18,13,5,12,13,0,12,10
83,2020,Jordan,3810,1679,2131,1569,786,893,676,661
84,2020,Kazakhstan,1545,658,887,585,297,361,224,276
85,2020,Kenya,2542,1677,865,1548,958,719,829,809
86,2020,Korea (Democratic People's Republic of),129,35,94,32,9,26,6,8
87,2020,"Korea, Republic of",63685,27915,35770,25798,16501,11414,14384,14406
88,2020,Kuwait,1306,576,730,523,298,278,245,266
89,2020,Kyrgyzstan,161,99,62,95,26,73,22,16
90,2020,Lao People's Democratic Republic,175,107,68,101,64,43,58,47
91,2020,Latvia,1589,665,924,595,295,370,225,251
92,2020,Lebanon,2954,1284,1670,1118,818,466,652,711
93,2020,Lesotho,36,12,24,11,6,6,5,6
94,2020,Liberia,16,12,4,10,9,3,7,9
95,2020,Libya,226,95,131,82,50,45,37,38
96,2020,Liechtenstein,46,22,24,14,15,7,7,8
97,2020,Lithuania,2843,1600,1243,1515,684,916,599,596
98,2020,Luxembourg,1106,658,448,418,501,157,261,411
99,2020,Macao,2563,816,1747,689,497,319,370,466
100,2020,Madagascar,53,37,16,34,17,20,14,14
101,2020,Malawi,479,335,144,304,260,75,229,211
102,2020,Malaysia,17688,8349,9339,7837,3148,5201,2636,2867
103,2020,Maldives,10,8,2,8,4,4,4,3
104,2020,Mali,255,168,87,140,136,32,108,102
105,2020,Malta,721,310,411,244,190,120,124,166
106,2020,Mauritania,17,7,10,6,5,2,4,5
107,2020,Mauritius,233,67,166,61,41,26,35,37
108,2020,Mexico,18648,8910,9738,7823,4231,4679,3144,3752
109,2020,"Moldova, Republic of",84,26,58,25,11,15,10,10
110,2020,Monaco,28,9,19,8,3,6,2,2
111,2020,Mongolia,313,150,163,138,70,80,58,62
112,2020,Montenegro,537,263,274,249,155,108,141,140
113,2020,Montserrat,3,1,2,0,1,0,0,1
114,2020,Morocco,1966,718,1248,628,363,355,273,340
115,2020,Mozambique,1620,1020,600,985,253,767,218,230
116,2020,Myanmar,129,53,76,51,30,23,28,28
117,2020,Namibia,246,110,136,101,53,57,44,47
118,2020,Nepal,1235,878,357,808,438,440,368,387
119,2020,Netherlands,46174,30020,16154,25466,20275,9745,15721,13097
120,2020,New Caledonia,27,13,14,10,7,6,4,7
121,2020,New Zealand,16062,5830,10232,4870,3551,2279,2591,3057
122,2020,Nicaragua,10,4,6,4,3,1,3,3
123,2020,Niger,28,23,5,23,8,15,8,6
124,2020,Nigeria,9878,5674,4204,5368,1824,3850,1518,1617
125,2020,North Macedonia,150,71,79,62,30,41,21,28
126,2020,Norway,15893,10314,5579,9011,6239,4075,4936,4378
127,2020,Oman,1311,561,750,521,250,311,210,229
128,2020,Pakistan,19776,8560,11216,8051,4138,4422,3629,3441
129,2020,"Palestine, State of",1063,538,525,494,286,252,242,241
130,2020,Panama,467,259,208,198,182,77,121,144
131,2020,Papua New Guinea,137,59,78,54,27,32,22,22
132,2020,Paraguay,193,134,59,132,32,102,30,26
133,2020,Peru,2314,1549,765,1428,644,905,523,523
134,2020,Philippines,2610,1265,1345,1127,606,659,468,490
135,2020,Poland,25702,15506,10196,14240,7785,7721,6519,6616
136,2020,Portugal,15802,7180,8622,6039,4327,2853,3186,3885
137,2020,Qatar,2845,1372,1473,1254,867,505,749,712
138,2020,Romania,4163,2168,1995,1967,1024,1144,823,877
139,2020,Russian Federation,41254,15776,25478,13728,5837,9939,3789,5227
140,2020,Réunion,214,116,98,86,92,24,62,86
141,2020,Saint Kitts and Nevis,606,332,274,300,245,87,213,216
142,2020,Saint Lucia,1,1,0,1,1,0,1,1
143,2020,Saint Vincent and the Grenadines,16,11,5,10,5,6,4,1
144,2020,Samoa,6,4,2,3,3,1,2,2
145,2020,Saudi Arabia,20449,9580,10869,8657,5092,4488,4169,4455
146,2020,Senegal,349,205,144,184,111,94,90,102
147,2020,Serbia,4849,2316,2533,2141,1023,1293,848,907
148,2020,Sierra Leone,76,51,25,47,32,19,28,28
149,2020,Singapore,18208,7212,10996,5613,4574,2638,2975,4078
150,2020,Sint Maarten (Dutch part),33,20,13,19,16,4,15,10
151,2020,Slovakia,3028,1483,1545,1352,768,715,637,683
152,2020,Slovenia,3184,1746,1438,1488,1053,693,795,881
153,2020,Somalia,3,0,3,0,0,0,0,0
154,2020,South Africa,21704,10255,11449,9030,5665,4590,4440,4936
155,2020,South Sudan,20,14,6,13,4,10,3,4
156,2020,Spain,64765,31750,33015,26392,20217,11533,14859,17866
157,2020,Sri Lanka,2006,1032,974,951,461,571,380,413
158,2020,Sudan,605,377,228,330,212,165,165,195
159,2020,Suriname,25,17,8,13,11,6,7,11
160,2020,Svalbard and Jan Mayen,112,79,33,62,55,24,38,38
161,2020,Sweden,32723,20879,11844,18043,12962,7917,10126,9343
162,2020,Switzerland,34109,19704,14405,15090,14479,5225,9865,11414
163,2020,Syrian Arab Republic,348,216,132,206,115,101,105,92
164,2020,"Taiwan, Province of China",28037,11687,16350,10693,6740,4947,5746,6245
165,2020,Tajikistan,286,200,86,200,20,180,20,18
166,2020,"Tanzania, United Republic of",1006,678,328,645,445,233,412,381
167,2020,Thailand,11685,4821,6864,4533,2633,2188,2345,2313
168,2020,Togo,122,70,52,66,31,39,27,28
169,2020,Trinidad and Tobago,33,22,11,21,12,10,11,4
170,2020,Tunisia,3858,1047,2811,917,491,556,361,453
171,2020,Turkey,30610,9638,20972,8617,4373,5265,3352,3829
172,2020,Uganda,1423,1001,422,923,674,327,596,600
173,2020,Ukraine,6292,3574,2718,3359,891,2683,676,800
174,2020,United Arab Emirates,6042,2402,3640,2045,1302,1100,945,1165
175,2020,United Kingdom of Great Britain and Northern Ireland,177135,97363,79772,75722,69797,27566,48156,52489
176,2020,United States of America,619097,253801,365296,201107,156912,96889,104218,137831
177,2020,Uruguay,292,167,125,151,70,97,54,61
178,2020,Uzbekistan,241,132,109,110,37,95,15,34
179,2020,Venezuela (Bolivarian Republic of),848,499,349,457,180,319,138,157
180,2020,Viet Nam,8275,2698,5577,2429,1240,1458,971,1160
181,2020,Virgin Islands (British),12,2,10,2,1,1,1,1
182,2020,Yemen,462,204,258,191,80,124,67,73
183,2020,Zambia,399,271,128,249,177,94,155,153
184,2020,Zimbabwe,1496,534,962,485,246,288,197,214
185,2020,Åland Islands,2,1,1,1,0,1,0,0
186,2019,,25282,13696,11586,9411,10884,2812,6599,9369
187,2019,Afghanistan,29,14,15,14,7,7,7,6
188,2019,Albania,211,101,110,90,43,58,32,41
189,2019,Algeria,1423,393,1030,302,188,205,97,168
190,2019,Antigua and Barbuda,1854,951,903,867,645,306,561,549
191,2019,Argentina,11049,5714,5335,4741,3814,1900,2841,3348
192,2019,Armenia,602,336,266,290,271,65,225,227
193,2019,Aruba,6,0,6,0,0,0,0,0
194,2019,Australia,104244,45229,59015,33513,33785,11444,22069,29532
195,2019,Austria,20254,11503,8751,9207,8592,2911,6296,6095
196,2019,Azerbaijan,636,245,391,219,107,138,81,83
197,2019,Bahamas,14,8,6,5,8,0,5,8
198,2019,Bahrain,620,224,396,191,131,93,98,117
199,2019,Bangladesh,6726,2866,3860,2549,1556,1310,1239,1292
200,2019,Belarus,1654,869,785,771,375,494,277,300
201,2019,Belgium,28321,15227,13094,10537,12366,2861,7676,10446
202,2019,Belize,10,8,2,5,7,1,4,7
203,2019,Benin,509,363,146,279,322,41,238,287
204,2019,Bermuda,33,22,11,18,15,7,11,15
205,2019,Bhutan,20,7,13,6,3,4,2,2
206,2019,Bolivia (Plurinational State of),202,128,74,115,67,61,54,58
207,2019,Bosnia and Herzegovina,1655,777,878,660,416,361,299,375
208,2019,Botswana,516,224,292,196,122,102,94,102
209,2019,Brazil,96597,62031,34566,57712,24042,37989,19723,21773
210,2019,Brunei Darussalam,308,127,181,112,67,60,52,59
211,2019,Bulgaria,3422,1495,1927,1234,845,650,584,703
212,2019,Burkina Faso,49,32,17,28,22,10,18,16
213,2019,Burundi,26,18,8,17,8,10,7,6
214,2019,Cabo Verde,1,0,1,0,0,0,0,0
215,2019,Cambodia,1459,722,737,653,367,355,298,305
216,2019,Cameroon,1027,576,451,524,383,193,331,357
217,2019,Canada,105995,46053,59942,35220,32318,13735,21485,28457
218,2019,Cayman Islands,8,7,1,6,5,2,4,5
219,2019,Chad,18,12,6,8,11,1,7,11
220,2019,Chile,10276,6044,4232,4962,3711,2333,2629,3148
221,2019,China,503043,158444,344599,134377,103607,54837,79540,93813
222,2019,Colombia,11433,7165,4268,6505,4012,3153,3352,3437
223,2019,Congo,18,14,4,13,7,7,6,6
224,2019,"Congo, Democratic Republic of the",249,177,72,150,140,37,113,128
225,2019,Costa Rica,936,531,405,454,329,202,252,298
226,2019,Croatia,4664,2630,2034,2296,1703,927,1369,1542
227,2019,Cuba,717,447,270,400,255,192,208,212
228,2019,Cyprus,3042,1276,1766,922,934,342,580,809
229,2019,Czechia,14035,6488,7547,5140,4333,2155,2985,3749
230,2019,Côte d'Ivoire,235,142,93,129,67,75,54,53
231,2019,Denmark,25932,14485,11447,10149,12041,2444,7705,10019
232,2019,Dominica,2,2,0,2,1,1,1,1
233,2019,Dominican Republic,113,78,35,73,43,35,38,41
234,2019,Ecuador,2164,1279,885,1175,750,529,646,599
235,2019,Egypt,23160,10607,12553,9813,4383,6224,3589,3950
236,2019,El Salvador,79,60,19,59,12,48,11,10
237,2019,Eritrea,2,1,1,1,0,1,0,0
238,2019,Estonia,3591,1680,1911,1329,1166,514,815,957
239,2019,Eswatini,32,12,20,10,6,6,4,5
240,2019,Ethiopia,3089,2182,907,2073,1609,573,1500,1504
241,2019,Faroe Islands,59,32,27,25,27,5,20,23
242,2019,Fiji,356,156,200,110,119,37,73,108
243,2019,Finland,17719,11396,6323,7603,9802,1594,6009,7520
244,2019,France,71903,38948,32955,23331,31895,7053,16278,28287
245,2019,French Guiana,8,6,2,6,5,1,5,5
246,2019,French Polynesia,43,20,23,15,17,3,12,16
247,2019,Gabon,157,85,72,78,63,22,56,40
248,2019,Gambia,28,23,5,22,14,9,13,14
249,2019,Georgia,720,398,322,343,291,107,236,247
250,2019,Germany,137254,67121,70133,50108,50595,16526,33582,41323
251,2019,Ghana,3539,1944,1595,1784,1228,716,1068,1092
252,2019,Gibraltar,2,0,2,0,0,0,0,0
253,2019,Greece,14961,6184,8777,4830,4291,1893,2937,3673
254,2019,Greenland,18,13,5,9,12,1,8,10
255,2019,Grenada,429,242,187,189,168,74,115,128
256,2019,Guatemala,388,245,143,222,142,103,119,122
257,2019,Guinea,1,1,0,0,1,0,0,1
258,2019,Guinea-Bissau,36,26,10,18,22,4,14,21
259,2019,Guyana,43,32,11,27,12,20,7,12
260,2019,Holy See,2,1,1,1,1,0,1,1
261,2019,Hungary,9263,5833,3430,4571,4373,1460,3111,3255
262,2019,Iceland,1465,864,601,639,640,224,415,538
263,2019,India,113270,31071,82199,24738,17877,13194,11544,16129
264,2019,Indonesia,32750,26535,6215,26046,6007,20528,5518,4334
265,2019,Iran (Islamic Republic of),53544,17947,35597,15629,8873,9074,6555,8261
266,2019,Iraq,4706,2558,2148,2380,894,1664,716,682
267,2019,Ireland,15135,7795,7340,5584,5917,1878,3706,5064
268,2019,Israel,21167,9506,11661,6611,7221,2285,4326,6327
269,2019,Italy,85385,40519,44866,29729,32892,7627,22102,28544
270,2019,Jamaica,779,305,474,258,225,80,178,197
271,2019,Japan,128816,58319,70497,50514,33092,25227,25287,28398
272,2019,Jersey,23,15,8,10,14,1,9,11
273,2019,Jordan,4059,1562,2497,1378,937,625,753,806
274,2019,Kazakhstan,1786,762,1024,623,429,333,290,375
275,2019,Kenya,2708,1900,808,1703,1342,558,1145,1109
276,2019,Korea (Democratic People's Republic of),149,43,106,32,18,25,7,18
277,2019,"Korea, Republic of",77268,33102,44166,28730,22547,10555,18175,20078
278,2019,Kuwait,1335,545,790,472,353,192,280,334
279,2019,Kyrgyzstan,145,77,68,74,34,43,31,29
280,2019,Lao People's Democratic Republic,168,101,67,92,73,28,64,44
281,2019,Latvia,1941,838,1103,728,423,415,313,374
282,2019,Lebanon,3109,1345,1764,1099,964,381,718,864
283,2019,Lesotho,50,24,26,23,11,13,10,9
284,2019,Liberia,11,9,2,9,8,1,8,6
285,2019,Libya,224,118,106,111,47,71,40,38
286,2019,Liechtenstein,39,14,25,9,8,6,3,5
287,2019,Lithuania,3213,1897,1316,1713,1017,880,833,925
288,2019,Luxembourg,1460,905,555,438,799,106,332,683
289,2019,Macao,2659,807,1852,673,555,252,421,515
290,2019,Madagascar,66,48,18,33,39,9,24,33
291,2019,Malawi,514,387,127,348,336,51,297,268
292,2019,Malaysia,22291,10736,11555,9571,5094,5642,3929,4578
293,2019,Maldives,7,7,0,7,4,3,4,4
294,2019,Mali,240,181,59,120,165,16,104,137
295,2019,Malta,841,351,490,271,231,120,151,192
296,2019,Mauritania,22,14,8,11,9,5,6,9
297,2019,Mauritius,344,63,281,57,39,24,33,33
298,2019,Mexico,23400,12491,10909,10933,6813,5678,5255,5939
299,2019,"Moldova, Republic of",182,56,126,49,21,35,14,18
300,2019,Monaco,32,8,24,6,5,3,3,4
301,2019,Mongolia,377,207,170,194,97,110,84,87
302,2019,Montenegro,394,196,198,167,128,68,99,109
303,2019,Montserrat,2,2,0,2,2,0,2,2
304,2019,Morocco,2051,667,1384,573,354,313,260,324
305,2019,Mozambique,2209,1262,947,1192,368,894,298,324
306,2019,Myanmar,124,51,73,47,33,18,29,28
307,2019,Namibia,222,122,100,99,81,41,58,72
308,2019,Nepal,1420,1075,345,1015,544,531,484,446
309,2019,Netherlands,53831,35022,18809,27312,28675,6347,20965,19329
310,2019,New Caledonia,21,12,9,7,12,0,7,12
311,2019,New Zealand,17961,7026,10935,5448,5075,1951,3497,4441
312,2019,Nicaragua,14,10,4,7,9,1,6,8
313,2019,Niger,34,26,8,26,18,8,18,15
314,2019,Nigeria,10454,6404,4050,5887,2799,3605,2282,2489
315,2019,North Macedonia,198,110,88,93,55,55,38,51
316,2019,Norway,18742,11578,7164,8440,9764,1814,6626,7596
317,2019,Oman,1324,506,818,466,288,218,248,267
318,2019,Pakistan,20567,8914,11653,8045,5196,3718,4327,4217
319,2019,"Palestine, State of",1306,668,638,621,333,335,286,268
320,2019,Panama,604,348,256,278,248,100,178,205
321,2019,Papua New Guinea,147,86,61,72,59,27,45,52
322,2019,Paraguay,289,220,69,216,64,156,60,53
323,2019,Peru,2857,1995,862,1854,1023,972,882,769
324,2019,Philippines,3381,1552,1829,1409,776,776,633,623
325,2019,Poland,33089,18435,14654,16446,10466,7969,8477,8605
326,2019,Portugal,18667,9082,9585,6776,6607,2475,4301,5935
327,2019,Qatar,2714,1179,1535,994,881,298,696,748
328,2019,Romania,5716,2519,3197,2172,1301,1218,954,1141
329,2019,Russian Federation,61612,22974,38638,19756,9834,13140,6616,8881
330,2019,Réunion,250,162,88,109,140,22,87,130
331,2019,Saint Kitts and Nevis,508,283,225,267,229,54,213,193
332,2019,Saint Lucia,3,3,0,2,2,1,1,1
333,2019,Saint Vincent and the Grenadines,5,5,0,5,4,1,4,1
334,2019,Samoa,13,4,9,3,3,1,2,2
335,2019,Saudi Arabia,19290,8827,10463,7272,5836,2991,4281,5130
336,2019,Senegal,396,213,183,189,143,70,119,122
337,2019,Serbia,6288,3290,2998,2895,1972,1318,1577,1735
338,2019,Sierra Leone,55,42,13,37,33,9,28,30
339,2019,Singapore,20029,7841,12188,5605,5857,1984,3621,5179
340,2019,Sint Maarten (Dutch part),20,13,7,12,10,3,9,5
341,2019,Slovakia,4084,1947,2137,1711,1056,891,820,924
342,2019,Slovenia,3664,2013,1651,1625,1368,645,980,1183
343,2019,Somalia,7,5,2,5,2,3,2,2
344,2019,South Africa,25718,12906,12812,10774,8723,4183,6591,7529
345,2019,South Sudan,21,13,8,13,7,6,7,7
346,2019,Spain,75011,41205,33806,31141,31354,9851,21290,27902
347,2019,Sri Lanka,2517,1334,1183,1241,624,710,531,540
348,2019,Sudan,765,447,318,379,274,173,206,243
349,2019,Suriname,29,14,15,12,12,2,10,8
350,2019,Svalbard and Jan Mayen,131,90,41,69,80,10,59,48
351,2019,Sweden,39014,24086,14928,19010,18807,5279,13731,14321
352,2019,Switzerland,39950,23860,16090,16326,19911,3949,12377,16436
353,2019,Syrian Arab Republic,315,185,130,166,111,74,92,96
354,2019,"Taiwan, Province of China",33440,12899,20541,11522,8633,4266,7256,7927
355,2019,Tajikistan,321,235,86,231,50,185,46,41
356,2019,"Tanzania, United Republic of",1093,730,363,664,573,157,507,501
357,2019,Thailand,13365,5446,7919,4862,3479,1967,2895,3047
358,2019,Togo,151,88,63,79,54,34,45,51
359,2019,Trinidad and Tobago,36,18,18,14,11,7,7,8
360,2019,Tunisia,4918,1270,3648,996,724,546,450,666
361,2019,Turkey,34389,12620,21769,10488,7363,5257,5231,6496
362,2019,Turkmenistan,1,0,1,0,0,0,0,0
363,2019,Uganda,1529,1107,422,971,902,205,766,796
364,2019,Ukraine,10322,6019,4303,5610,1736,4283,1327,1533
365,2019,United Arab Emirates,6368,2202,4166,1700,1494,708,992,1340
366,2019,United Kingdom of Great Britain and Northern Ireland,206474,130683,75791,82386,110008,20675,61711,88537
367,2019,United States of America,717329,330928,386401,236490,242633,88295,148195,211810
368,2019,Uruguay,320,210,110,183,112,98,85,106
369,2019,Uzbekistan,261,139,122,122,42,97,25,39
370,2019,Venezuela (Bolivarian Republic of),982,648,334,567,378,270,297,327
371,2019,Viet Nam,7508,2528,4980,2167,1451,1077,1090,1276
372,2019,Virgin Islands (British),18,1,17,1,0,1,0,0
373,2019,Yemen,481,185,296,170,79,106,64,70
374,2019,Zambia,425,299,126,266,229,70,196,197
375,2019,Zimbabwe,1857,676,1181,570,406,270,300,341
376,2019,Åland Islands,5,2,3,2,0,2,0,0
377,2018,,27260,15052,12208,9812,12212,2840,6972,10619
378,2018,Afghanistan,15,5,10,4,5,0,4,5
379,2018,Albania,306,127,179,108,70,57,51,59
380,2018,Algeria,1613,398,1215,279,234,164,115,224
381,2018,Antigua and Barbuda,1316,748,568,670,557,191,479,474
382,2018,Argentina,10689,6041,4648,4545,4819,1222,3323,4350
383,2018,Armenia,521,288,233,249,242,46,203,201
384,2018,Aruba,1,1,0,1,1,0,1,1
385,2018,Australia,97183,45592,51591,30652,36111,9481,21171,31955
386,2018,Austria,19062,10715,8347,8288,8342,2373,5915,5991
387,2018,Azerbaijan,575,245,330,224,117,128,96,78
388,2018,Bahamas,20,13,7,9,13,0,9,10
389,2018,Bahrain,406,165,241,132,113,52,80,101
390,2018,Bangladesh,6069,3136,2933,2757,1988,1148,1609,1597
391,2018,Belarus,1101,412,689,327,236,176,151,197
392,2018,Belgium,28006,15650,12356,10323,12757,2893,7430,11016
393,2018,Belize,13,6,7,6,3,3,3,1
394,2018,Benin,512,338,174,259,296,42,217,259
395,2018,Bermuda,29,21,8,12,18,3,9,16
396,2018,Bhutan,21,8,13,5,5,3,2,5
397,2018,Bolivia (Plurinational State of),196,127,69,113,78,49,64,64
398,2018,Bosnia and Herzegovina,1509,719,790,602,466,253,349,424
399,2018,Botswana,517,252,265,193,178,74,119,155
400,2018,Brazil,94437,63941,30496,57941,33823,30118,27823,29838
401,2018,Brunei Darussalam,316,133,183,112,81,52,60,70
402,2018,Bulgaria,2812,1353,1459,1120,900,453,667,747
403,2018,Burkina Faso,49,35,14,29,30,5,24,26
404,2018,Burundi,14,6,8,5,5,1,4,4
405,2018,Cabo Verde,8,7,1,5,5,2,3,4
406,2018,Cambodia,1172,563,609,489,363,200,289,309
407,2018,Cameroon,850,423,427,370,308,115,255,289
408,2018,Canada,101120,46228,54892,34153,34215,12013,22140,30318
409,2018,Cayman Islands,14,8,6,6,8,0,6,4
410,2018,Chad,11,9,2,8,3,6,2,3
411,2018,Chile,9955,6255,3700,4959,4122,2133,2826,3426
412,2018,China,434741,137050,297691,111993,96587,40463,71530,87456
413,2018,Colombia,11224,7263,3961,6483,4681,2582,3901,4000
414,2018,Congo,9,6,3,5,4,2,3,3
415,2018,"Congo, Democratic Republic of the",187,125,62,104,110,15,89,96
416,2018,Costa Rica,1060,722,338,650,478,244,406,433
417,2018,Croatia,4378,2493,1885,2075,1816,677,1398,1654
418,2018,Cuba,676,391,285,345,258,133,212,218
419,2018,Curaçao,1,1,0,1,1,0,1,1
420,2018,Cyprus,2771,1171,1600,782,973,198,584,839
421,2018,Czechia,13099,5920,7179,4494,4418,1502,2992,3833
422,2018,Côte d'Ivoire,240,165,75,158,76,89,69,67
423,2018,Denmark,24943,15138,9805,9759,12813,2325,7434,10908
424,2018,Dominican Republic,92,70,22,66,39,31,35,34
425,2018,Ecuador,2300,1379,921,1230,882,497,733,740
426,2018,Egypt,20125,8706,11419,7677,4447,4259,3418,3983
427,2018,El Salvador,125,106,19,104,44,62,42,27
428,2018,Eritrea,1,1,0,1,1,0,1,1
429,2018,Estonia,3203,1472,1731,1102,1105,367,735,937
430,2018,Eswatini,53,23,30,17,16,7,10,15
431,2018,Ethiopia,2368,1641,727,1544,1299,342,1202,1169
432,2018,Faroe Islands,59,39,20,26,32,7,19,31
433,2018,Fiji,300,116,184,82,89,27,55,81
434,2018,Finland,17204,11183,6021,6576,9853,1330,5246,8200
435,2018,France,70959,38219,32740,22092,31888,6331,15761,28458
436,2018,French Guiana,4,3,1,1,3,0,1,3
437,2018,French Polynesia,40,21,19,14,19,2,12,18
438,2018,Gabon,135,69,66,65,44,25,40,29
439,2018,Gambia,19,15,4,15,12,3,12,10
440,2018,Georgia,701,408,293,355,300,108,247,239
441,2018,Germany,131449,62340,69109,43825,49155,13185,30640,41603
442,2018,Ghana,2912,1564,1348,1345,1145,419,926,999
443,2018,Gibraltar,6,4,2,3,4,0,3,4
444,2018,Greece,14503,6139,8364,4471,4526,1613,2858,3876
445,2018,Greenland,26,22,4,18,18,4,14,16
446,2018,Grenada,400,228,172,186,181,47,139,110
447,2018,Guatemala,352,243,109,206,166,77,129,152
448,2018,Guinea-Bissau,40,28,12,25,24,4,21,22
449,2018,Guyana,29,23,6,16,13,10,6,11
450,2018,Holy See,3,1,2,0,1,0,0,1
451,2018,Hungary,9051,5294,3757,3354,4416,878,2476,3778
452,2018,Iceland,1345,725,620,496,617,108,388,513
453,2018,India,109279,30532,78747,23420,18756,11776,11644,16680
454,2018,Indonesia,30782,25183,5599,24347,8678,16505,7842,6559
455,2018,Iran (Islamic Republic of),47872,15810,32062,13376,9634,6176,7200,8630
456,2018,Iraq,3768,2136,1632,1889,1174,962,927,914
457,2018,Ireland,14244,7747,6497,4982,6296,1451,3531,5443
458,2018,Israel,19922,9133,10789,6351,7052,2081,4270,6109
459,2018,Italy,79645,37822,41823,25524,31002,6820,18704,27032
460,2018,Jamaica,688,324,364,259,242,82,177,210
461,2018,Japan,127879,60119,67760,51312,35461,24658,26654,30547
462,2018,Jersey,14,12,2,8,12,0,8,9
463,2018,Jordan,3498,1358,2140,1128,908,450,678,771
464,2018,Kazakhstan,1425,538,887,386,369,169,217,324
465,2018,Kenya,2472,1741,731,1453,1301,440,1013,1065
466,2018,Korea (Democratic People's Republic of),85,18,67,13,8,10,3,7
467,2018,"Korea, Republic of",74138,31244,42894,26062,22343,8901,17161,19782
468,2018,Kuwait,1244,481,763,393,354,127,266,318
469,2018,Kyrgyzstan,82,52,30,47,21,31,16,20
470,2018,Lao People's Democratic Republic,123,70,53,60,63,7,53,48
471,2018,Latvia,1762,720,1042,607,425,295,312,362
472,2018,Lebanon,2891,1282,1609,980,943,339,641,853
473,2018,Lesotho,34,18,16,17,9,9,8,7
474,2018,Liberia,14,10,4,7,8,2,5,8
475,2018,Libya,205,104,101,88,60,44,44,51
476,2018,Liechtenstein,39,15,24,8,12,3,5,12
477,2018,Lithuania,2981,1729,1252,1543,1014,715,828,914
478,2018,Luxembourg,1377,832,545,376,752,80,296,657
479,2018,Macao,2395,675,1720,561,491,184,377,463
480,2018,Madagascar,55,37,18,34,29,8,26,27
481,2018,Malawi,478,378,100,323,346,32,291,282
482,2018,Malaysia,23131,11464,11667,9389,7191,4273,5116,6306
483,2018,Maldives,3,2,1,2,2,0,2,2
484,2018,Mali,280,240,40,120,233,7,113,194
485,2018,Malta,779,335,444,230,259,76,154,220
486,2018,Mauritania,16,14,2,13,13,1,12,12
487,2018,Mauritius,255,73,182,59,47,26,33,43
488,2018,Mexico,22302,12224,10078,10437,7735,4489,5948,6478
489,2018,"Moldova, Republic of",192,47,145,37,24,23,14,20
490,2018,Monaco,23,7,16,4,5,2,2,5
491,2018,Mongolia,343,197,146,179,109,88,91,95
492,2018,Montenegro,378,152,226,128,101,51,77,91
493,2018,Montserrat,4,3,1,0,3,0,0,3
494,2018,Morocco,1796,575,1221,482,341,234,248,304
495,2018,Mozambique,1577,874,703,783,380,494,289,337
496,2018,Myanmar,92,41,51,34,24,17,17,20
497,2018,Namibia,203,100,103,83,72,28,55,62
498,2018,Nepal,1636,1352,284,1312,872,480,832,694
499,2018,Netherlands,51123,33820,17303,24814,28131,5689,19125,20220
500,2018,New Caledonia,21,9,12,6,6,3,3,5
501,2018,New Zealand,16558,6746,9812,4903,5171,1575,3328,4580
502,2018,Nicaragua,12,10,2,10,9,1,9,8
503,2018,Niger,13,10,3,10,3,7,3,2
504,2018,Nigeria,8747,4989,3758,4443,2903,2086,2357,2550
505,2018,North Macedonia,178,90,88,81,55,35,46,46
506,2018,Norway,17972,10839,7133,7177,9228,1611,5566,7767
507,2018,Oman,1202,484,718,397,313,171,226,289
508,2018,Pakistan,17378,7553,9825,6437,5085,2468,3969,4155
509,2018,"Palestine, State of",1118,612,506,534,353,259,275,288
510,2018,Panama,524,380,144,328,268,112,216,220
511,2018,Papua New Guinea,117,52,65,46,43,9,37,38
512,2018,Paraguay,291,241,50,232,122,119,113,88
513,2018,Peru,2719,2094,625,1878,1291,803,1075,977
514,2018,Philippines,2945,1127,1818,989,697,430,559,539
515,2018,Poland,33199,18070,15129,15484,11683,6387,9097,9659
516,2018,Portugal,17304,8896,8408,6097,7011,1885,4212,6321
517,2018,Qatar,2473,949,1524,689,779,170,519,696
518,2018,Romania,4952,1944,3008,1542,1208,736,806,1032
519,2018,Russian Federation,54564,17960,36604,14432,10053,7907,6525,9087
520,2018,Réunion,225,117,108,82,102,15,67,95
521,2018,Saint Kitts and Nevis,362,219,143,195,182,37,158,155
522,2018,Saint Lucia,12,11,1,11,7,4,7,6
523,2018,Saint Vincent and the Grenadines,6,5,1,5,4,1,4,3
524,2018,Samoa,9,3,6,3,1,2,1,1
525,2018,Saudi Arabia,16820,7754,9066,5632,5904,1850,3782,5249
526,2018,Senegal,373,193,180,154,142,51,103,126
527,2018,Serbia,5384,2645,2739,2168,1843,802,1366,1657
528,2018,Sierra Leone,53,42,11,41,33,9,32,19
529,2018,Singapore,19141,7181,11960,4899,5538,1643,3256,4882
530,2018,Sint Maarten (Dutch part),29,13,16,10,11,2,8,5
531,2018,Slovakia,3652,1610,2042,1332,1075,535,797,931
532,2018,Slovenia,3476,1763,1713,1362,1286,477,885,1125
533,2018,Somalia,2,1,1,1,1,0,1,0
534,2018,South Africa,23941,12978,10963,9982,9976,3002,6980,8735
535,2018,South Sudan,13,10,3,9,10,0,9,9
536,2018,Spain,72436,41444,30992,28558,33288,8156,20402,29605
537,2018,Sri Lanka,2494,1474,1020,1334,846,628,706,671
538,2018,Sudan,637,323,314,265,240,83,182,210
539,2018,Suriname,27,15,12,13,11,4,9,11
540,2018,Svalbard and Jan Mayen,145,98,47,64,84,14,50,64
541,2018,Sweden,37438,23051,14387,17340,18362,4689,12651,14336
542,2018,Switzerland,38272,23221,15051,15095,19583,3638,11457,16517
543,2018,Syrian Arab Republic,277,162,115,142,97,65,77,82
544,2018,"Taiwan, Province of China",31736,11897,19839,10298,8115,3782,6516,7311
545,2018,Tajikistan,186,102,84,100,49,53,47,44
546,2018,"Tanzania, United Republic of",900,616,284,543,496,120,423,426
547,2018,Thailand,12850,5167,7683,4448,3500,1667,2781,3069
548,2018,Togo,150,96,54,85,62,34,51,53
549,2018,Trinidad and Tobago,44,17,27,16,10,7,9,7
550,2018,Tunisia,4959,1226,3733,828,807,419,409,747
551,2018,Turkey,31807,12740,19067,10000,8860,3880,6120,7659
552,2018,Turkmenistan,1,0,1,0,0,0,0,0
553,2018,Uganda,1464,1098,366,890,972,126,764,821
554,2018,Ukraine,8361,4658,3703,4220,1826,2832,1388,1558
555,2018,United Arab Emirates,5092,1663,3429,1185,1245,418,767,1099
556,2018,United Kingdom of Great Britain and Northern Ireland,196497,135380,61117,77542,119608,15772,61770,97374
557,2018,United States of America,680875,336028,344847,226376,259885,76143,150233,227400
558,2018,Uruguay,375,245,130,213,145,100,113,132
559,2018,Uzbekistan,144,46,98,26,32,14,12,31
560,2018,Venezuela (Bolivarian Republic of),1036,685,351,593,436,249,344,367
561,2018,Viet Nam,5144,1721,3423,1379,1117,604,775,1005
562,2018,Virgin Islands (British),16,2,14,1,1,1,0,1
563,2018,Yemen,429,146,283,125,79,67,58,72
564,2018,Zambia,406,302,104,256,260,42,214,215
565,2018,Zimbabwe,1600,569,1031,423,418,151,272,368
566,2018,Åland Islands,3,2,1,2,0,2,0,0
567,2017,,27011,14556,12455,9601,11849,2707,6894,10348
568,2017,Afghanistan,15,3,12,3,3,0,3,3
569,2017,Albania,242,123,119,105,84,39,66,53
570,2017,Algeria,1271,349,922,220,214,135,85,198
571,2017,Antigua and Barbuda,650,382,268,339,281,101,238,240
572,2017,Argentina,10196,5690,4506,4382,4631,1059,3323,4155
573,2017,Armenia,477,255,222,210,214,41,169,191
574,2017,Aruba,2,1,1,1,1,0,1,1
575,2017,Australia,92805,43134,49671,28661,34104,9030,19631,30378
576,2017,Austria,17888,9633,8255,7254,7670,1963,5291,5910
577,2017,Azerbaijan,420,145,275,128,75,70,58,61
578,2017,Bahamas,23,9,14,6,7,2,4,7
579,2017,Bahrain,329,144,185,119,105,39,80,92
580,2017,Bangladesh,5456,3000,2456,2670,2103,897,1773,1710
581,2017,Belarus,966,274,692,209,183,91,118,160
582,2017,Belgium,26526,14342,12184,9225,11830,2512,6713,10292
583,2017,Belize,4,2,2,1,2,0,1,2
584,2017,Benin,512,338,174,288,288,50,238,248
585,2017,Bermuda,33,25,8,19,23,2,17,20
586,2017,Bhutan,15,7,8,5,2,5,0,2
587,2017,Bolivia (Plurinational State of),158,102,56,95,62,40,55,55
588,2017,Bosnia and Herzegovina,1164,595,569,461,424,171,290,384
589,2017,Botswana,438,225,213,183,135,90,93,127
590,2017,Brazil,85771,59000,26771,52953,34441,24559,28394,30770
591,2017,Brunei Darussalam,291,117,174,90,81,36,54,70
592,2017,Bulgaria,2549,1129,1420,847,809,320,527,680
593,2017,Burkina Faso,62,35,27,33,31,4,29,28
594,2017,Burundi,15,5,10,4,3,2,2,3
595,2017,Cabo Verde,2,2,0,1,2,0,1,2
596,2017,Cambodia,940,439,501,376,295,144,232,254
597,2017,Cameroon,727,398,329,357,287,111,246,242
598,2017,Canada,94195,42498,51697,31345,31405,11093,20252,27967
599,2017,Cayman Islands,1,0,1,0,0,0,0,0
600,2017,Chad,11,8,3,6,6,2,4,6
601,2017,Chile,9380,6044,3336,4851,3941,2103,2748,3307
602,2017,China,367221,120466,246755,99469,85746,34720,64749,73438
603,2017,Colombia,11227,7764,3463,6964,4909,2855,4109,4196
604,2017,Congo,13,8,5,7,6,2,5,6
605,2017,"Congo, Democratic Republic of the",204,133,71,120,114,19,101,108
606,2017,Costa Rica,1054,770,284,687,518,252,435,475
607,2017,Croatia,4115,2355,1760,1954,1809,546,1408,1650
608,2017,Cuba,666,424,242,368,309,115,253,267
609,2017,Cyprus,2633,1124,1509,805,838,286,519,701
610,2017,Czechia,13220,5759,7461,4446,4252,1507,2939,3642
611,2017,Côte d'Ivoire,210,130,80,113,63,67,46,52
612,2017,Denmark,23688,13785,9903,9105,11495,2290,6815,9815
613,2017,Dominican Republic,80,66,14,59,53,13,46,50
614,2017,Ecuador,2012,1228,784,1075,755,473,602,649
615,2017,Egypt,16645,7092,9553,6080,3772,3320,2760,3395
616,2017,El Salvador,220,197,23,189,115,82,107,88
617,2017,Estonia,2979,1353,1626,1050,998,355,695,866
618,2017,Eswatini,40,20,20,15,13,7,8,11
619,2017,Ethiopia,1945,1282,663,1170,1008,274,896,891
620,2017,Faroe Islands,34,24,10,15,22,2,13,21
621,2017,Fiji,287,127,160,91,97,30,61,87
622,2017,Finland,16575,10050,6525,5788,8778,1272,4516,7610
623,2017,France,67843,35939,31904,21524,29716,6223,15301,26585
624,2017,French Guiana,2,2,0,2,2,0,2,2
625,2017,French Polynesia,26,15,11,12,13,2,10,11
626,2017,Gabon,105,59,46,55,37,22,33,31
627,2017,Gambia,9,7,2,6,6,1,5,5
628,2017,Georgia,610,343,267,287,245,98,189,209
629,2017,Germany,125645,58408,67237,41021,46359,12049,28972,39556
630,2017,Ghana,2388,1286,1102,1092,959,327,765,810
631,2017,Gibraltar,1,1,0,1,0,1,0,0
632,2017,Greece,14260,6026,8234,4400,4273,1753,2647,3630
633,2017,Greenland,11,7,4,6,6,1,5,6
634,2017,Grenada,329,185,144,156,138,47,109,86
635,2017,Guadeloupe,3,0,3,0,0,0,0,0
636,2017,Guatemala,301,189,112,169,127,62,107,118
637,2017,Guinea,2,2,0,2,2,0,2,2
638,2017,Guinea-Bissau,31,23,8,22,19,4,18,15
639,2017,Guyana,20,14,6,11,9,5,6,8
640,2017,Holy See,1,1,0,1,1,0,1,1
641,2017,Hungary,8244,4785,3459,2881,4029,756,2125,3540
642,2017,Iceland,1267,691,576,447,577,114,333,489
643,2017,India,101674,31015,70659,24034,18643,12372,11662,16737
644,2017,Indonesia,21500,16595,4905,15932,6050,10545,5387,4588
645,2017,Iran (Islamic Republic of),44386,14475,29911,12142,9161,5314,6828,8191
646,2017,Iraq,2424,1266,1158,1022,715,551,471,592
647,2017,Ireland,13216,7081,6135,4465,5786,1295,3170,5078
648,2017,Israel,18710,8413,10297,5860,6388,2025,3835,5608
649,2017,Italy,75646,35527,40119,23557,29486,6041,17516,25485
650,2017,Jamaica,755,325,430,258,247,78,180,206
651,2017,Japan,111880,51524,60356,43248,33130,18394,24854,28425
652,2017,Jersey,12,7,5,4,7,0,4,7
653,2017,Jordan,2831,1056,1775,839,702,354,485,573
654,2017,Kazakhstan,1050,451,599,295,319,132,163,286
655,2017,Kenya,2231,1501,730,1271,1143,358,913,938
656,2017,Korea (Democratic People's Republic of),61,19,42,13,10,9,4,10
657,2017,"Korea, Republic of",70682,29463,41219,24354,21500,7963,16391,18550
658,2017,Kuwait,1033,367,666,305,270,97,208,240
659,2017,Kyrgyzstan,66,27,39,22,10,17,5,9
660,2017,Lao People's Democratic Republic,82,54,28,45,44,10,35,34
661,2017,Latvia,1750,715,1035,578,338,377,201,304
662,2017,Lebanon,2437,990,1447,734,751,239,495,668
663,2017,Lesotho,30,17,13,15,11,6,9,11
664,2017,Liberia,15,9,6,7,6,3,4,6
665,2017,Libya,176,79,97,66,46,33,33,39
666,2017,Liechtenstein,55,21,34,14,16,5,9,12
667,2017,Lithuania,2913,1626,1287,1430,889,737,693,790
668,2017,Luxembourg,1267,752,515,324,677,75,249,597
669,2017,Macao,2135,649,1486,514,518,131,383,471
670,2017,Madagascar,47,27,20,21,24,3,18,23
671,2017,Malawi,398,325,73,274,292,33,241,243
672,2017,Malaysia,21431,10184,11247,8151,6457,3727,4424,5725
673,2017,Maldives,3,3,0,3,3,0,3,2
674,2017,Mali,277,249,28,134,232,17,117,200
675,2017,Malta,723,361,362,230,285,76,154,260
676,2017,Mauritania,9,8,1,8,7,1,7,7
677,2017,Mauritius,260,68,192,46,57,11,35,52
678,2017,Mexico,20615,11468,9147,9835,6956,4512,5323,5819
679,2017,"Moldova, Republic of",196,51,145,37,42,9,28,37
680,2017,Monaco,18,3,15,2,2,1,1,2
681,2017,Mongolia,264,131,133,116,74,57,59,68
682,2017,Montenegro,324,149,175,119,113,36,83,104
683,2017,Montserrat,1,1,0,1,1,0,1,0
684,2017,Morocco,1431,488,943,415,263,225,190,235
685,2017,Mozambique,1074,543,531,486,278,265,221,236
686,2017,Myanmar,62,33,29,28,25,8,20,20
687,2017,Namibia,211,136,75,116,81,55,61,75
688,2017,Nepal,1420,1122,298,1080,844,278,802,675
689,2017,Netherlands,48482,30316,18166,22211,25062,5254,16957,18834
690,2017,New Caledonia,26,8,18,7,6,2,5,5
691,2017,New Zealand,15758,6546,9212,4758,4954,1592,3166,4372
692,2017,Nicaragua,11,9,2,8,8,1,7,7
693,2017,Niger,16,7,9,7,5,2,5,5
694,2017,Nigeria,6929,3647,3282,3149,2200,1447,1702,1917
695,2017,North Macedonia,189,95,94,80,53,42,38,48
696,2017,Norway,17620,10421,7199,6834,8863,1558,5276,7455
697,2017,Oman,1153,502,651,438,318,184,254,287
698,2017,Pakistan,14788,6524,8264,5554,4440,2084,3470,3675
699,2017,"Palestine, State of",961,495,466,426,299,196,230,253
700,2017,Panama,467,301,166,268,200,101,167,161
701,2017,Papua New Guinea,130,72,58,65,62,10,55,54
702,2017,Paraguay,229,160,69,153,75,85,68,70
703,2017,Peru,2468,1959,509,1775,1259,700,1075,906
704,2017,Philippines,2469,984,1485,851,602,382,469,486
705,2017,Poland,33638,18462,15176,15735,11101,7361,8374,9241
706,2017,Portugal,16567,8927,7640,5723,7292,1635,4088,6604
707,2017,Qatar,2312,940,1372,610,774,166,444,702
708,2017,Romania,4804,1822,2982,1422,1187,635,787,1044
709,2017,Russian Federation,47404,15299,32105,11886,9104,6195,5691,8143
710,2017,Réunion,194,123,71,79,115,8,71,104
711,2017,Saint Kitts and Nevis,270,165,105,146,141,24,122,119
712,2017,Saint Lucia,3,3,0,3,2,1,2,1
713,2017,Saint Vincent and the Grenadines,10,7,3,5,6,1,4,5
714,2017,Samoa,9,3,6,3,1,2,1,1
715,2017,Saudi Arabia,15682,7056,8626,5129,5229,1827,3302,4605
716,2017,Senegal,359,196,163,170,146,50,120,130
717,2017,Serbia,5255,2455,2800,1980,1854,601,1379,1676
718,2017,Sierra Leone,48,38,10,35,33,5,30,26
719,2017,Singapore,18263,6988,11275,4868,5263,1725,3143,4637
720,2017,Sint Maarten (Dutch part),19,9,10,8,7,2,6,7
721,2017,Slovakia,3572,1656,1916,1381,1088,568,813,978
722,2017,Slovenia,3305,1656,1649,1235,1252,404,831,1119
723,2017,Somalia,9,8,1,7,8,0,7,7
724,2017,South Africa,23912,13154,10758,10221,10138,3016,7205,9039
725,2017,South Sudan,9,4,5,4,2,2,2,2
726,2017,Spain,69574,39761,29813,27365,31835,7926,19439,28211
727,2017,Sri Lanka,2245,1327,918,1166,799,528,638,642
728,2017,Sudan,565,293,272,251,205,88,163,177
729,2017,Suriname,32,22,10,18,15,7,11,14
730,2017,Svalbard and Jan Mayen,116,82,34,59,69,13,46,56
731,2017,Sweden,35436,20741,14695,14937,16968,3773,11164,13493
732,2017,Switzerland,36736,21761,14975,14510,18215,3546,10964,15349
733,2017,Syrian Arab Republic,217,125,92,104,77,48,56,63
734,2017,"Taiwan, Province of China",31410,11481,19929,9929,8148,3333,6596,7187
735,2017,Tajikistan,87,57,30,52,26,31,21,23
736,2017,"Tanzania, United Republic of",872,580,292,497,488,92,405,430
737,2017,Thailand,11792,4668,7124,3963,3029,1639,2324,2635
738,2017,Togo,93,50,43,47,31,19,28,26
739,2017,Trinidad and Tobago,34,19,15,14,14,5,9,12
740,2017,Tunisia,4916,1097,3819,769,710,387,382,658
741,2017,Turkey,30040,12357,17683,9585,8652,3705,5880,7525
742,2017,Turkmenistan,2,0,2,0,0,0,0,0
743,2017,Uganda,1332,1033,299,855,894,139,716,768
744,2017,Ukraine,6532,3399,3133,3045,1527,1872,1173,1385
745,2017,United Arab Emirates,3935,1445,2490,1059,1070,375,684,925
746,2017,United Kingdom of Great Britain and Northern Ireland,185642,128717,56925,72764,114262,14455,58309,93317
747,2017,United States of America,648029,322100,325929,220021,245300,76800,143221,213157
748,2017,Uruguay,260,155,105,135,93,62,73,87
749,2017,Uzbekistan,153,64,89,36,48,16,20,46
750,2017,Venezuela (Bolivarian Republic of),1100,682,418,589,415,267,322,356
751,2017,Viet Nam,3823,1216,2607,875,840,376,499,747
752,2017,Virgin Islands (British),21,2,19,1,1,1,0,1
753,2017,Yemen,349,119,230,105,67,52,53,58
754,2017,Zambia,371,278,93,233,229,49,184,208
755,2017,Zimbabwe,1492,506,986,382,363,143,239,301
756,2017,Åland Islands,1,0,1,0,0,0,0,0
757,2016,,27842,14332,13510,9780,11324,3008,6772,9770
758,2016,Afghanistan,11,1,10,1,1,0,1,1
759,2016,Albania,249,163,86,138,98,65,73,66
760,2016,Algeria,1253,308,945,198,192,116,82,181
761,2016,Antigua and Barbuda,427,258,169,228,195,63,165,163
762,2016,Argentina,9324,4998,4326,3912,3872,1126,2786,3406
763,2016,Armenia,500,287,213,240,236,51,189,187
764,2016,Aruba,1,0,1,0,0,0,0,0
765,2016,Australia,92008,41476,50532,27517,32673,8803,18714,29049
766,2016,Austria,17982,9458,8524,7124,7398,2060,5064,5545
767,2016,Azerbaijan,517,203,314,177,115,88,89,86
768,2016,Bahamas,25,14,11,10,12,2,8,11
769,2016,Bahrain,278,123,155,109,85,38,71,68
770,2016,Bangladesh,5485,3287,2198,2986,2360,927,2059,1925
771,2016,Belarus,954,280,674,181,203,77,104,179
772,2016,Belgium,26378,13794,12584,8865,11403,2391,6474,9899
773,2016,Belize,9,5,4,4,4,1,3,4
774,2016,Benin,601,394,207,319,339,55,264,316
775,2016,Bermuda,36,19,17,18,17,2,16,15
776,2016,Bhutan,22,11,11,7,8,3,4,8
777,2016,Bolivia (Plurinational State of),199,110,89,97,60,50,47,54
778,2016,Bosnia and Herzegovina,930,455,475,340,340,115,225,309
779,2016,Botswana,392,193,199,166,115,78,88,96
780,2016,Brazil,79360,53842,25518,48225,32671,21171,27054,29399
781,2016,Brunei Darussalam,315,102,213,82,65,37,45,56
782,2016,Bulgaria,2428,1136,1292,864,777,359,505,662
783,2016,Burkina Faso,141,94,47,81,78,16,65,70
784,2016,Burundi,5,2,3,2,1,1,1,1
785,2016,Cabo Verde,6,4,2,1,4,0,1,4
786,2016,Cambodia,706,328,378,265,238,90,175,210
787,2016,Cameroon,663,364,299,321,268,96,225,228
788,2016,Canada,94733,41309,53424,30549,29812,11497,19052,26292
789,2016,Cayman Islands,8,3,5,1,2,1,0,2
790,2016,Chad,9,3,6,2,2,1,1,1
791,2016,Chile,9388,6087,3301,4954,3997,2090,2864,3164
792,2016,China,338521,104593,233928,85600,74919,29674,55926,64887
793,2016,Colombia,10515,7449,3066,6721,4795,2654,4067,4048
794,2016,Congo,10,7,3,7,7,0,7,5
795,2016,"Congo, Democratic Republic of the",187,124,63,96,111,13,83,100
796,2016,Costa Rica,1107,825,282,717,581,244,473,544
797,2016,Croatia,3603,1969,1634,1610,1535,434,1176,1390
798,2016,Cuba,549,339,210,298,232,107,191,198
799,2016,Cyprus,2332,930,1402,616,708,222,394,608
800,2016,Czechia,13860,5963,7897,4691,4348,1615,3076,3686
801,2016,Côte d'Ivoire,198,123,75,114,51,72,42,43
802,2016,Denmark,23803,13022,10781,8682,10766,2256,6426,9295
803,2016,Dominican Republic,64,41,23,32,35,6,26,32
804,2016,Ecuador,1335,764,571,630,541,223,407,496
805,2016,Egypt,15468,6320,9148,5510,3187,3133,2377,2751
806,2016,El Salvador,115,105,10,105,55,50,55,38
807,2016,Eritrea,4,0,4,0,0,0,0,0
808,2016,Estonia,2977,1280,1697,987,950,330,657,801
809,2016,Eswatini,40,21,19,19,12,9,10,9
810,2016,Ethiopia,1472,979,493,875,769,210,665,666
811,2016,Faroe Islands,27,18,9,9,17,1,8,16
812,2016,Fiji,241,86,155,60,64,22,38,58
813,2016,Finland,16787,8586,8201,5346,7210,1376,3970,6184
814,2016,France,69873,35364,34509,21420,29171,6193,15227,25733
815,2016,French Guiana,1,0,1,0,0,0,0,0
816,2016,French Polynesia,40,28,12,19,22,6,13,21
817,2016,Gabon,168,50,118,45,34,16,29,26
818,2016,Gambia,14,9,5,8,7,2,6,6
819,2016,Georgia,684,390,294,331,279,111,220,225
820,2016,Germany,123691,56097,67594,39613,44162,11935,27678,37008
821,2016,Ghana,2247,1254,993,1065,943,311,754,799
822,2016,Gibraltar,5,1,4,0,1,0,0,1
823,2016,Greece,13673,5497,8176,3887,4116,1381,2506,3420
824,2016,Greenland,13,7,6,5,7,0,5,7
825,2016,Grenada,284,142,142,112,92,50,62,76
826,2016,Guadeloupe,1,1,0,1,0,1,0,0
827,2016,Guatemala,249,169,80,144,119,50,94,95
828,2016,Guinea,1,1,0,1,1,0,1,1
829,2016,Guinea-Bissau,35,26,9,23,23,3,20,20
830,2016,Guyana,18,9,9,6,6,3,3,6
831,2016,Holy See,5,1,4,1,0,1,0,0
832,2016,Hungary,8457,4813,3644,2861,4037,776,2085,3497
833,2016,Iceland,1311,589,722,396,481,108,288,397
834,2016,India,100136,34007,66129,27435,19086,14921,12514,16815
835,2016,Indonesia,14299,10939,3360,10378,4262,6677,3701,3549
836,2016,Iran (Islamic Republic of),41308,14534,26774,11583,9624,4910,6673,8361
837,2016,Iraq,1705,782,923,629,460,322,307,402
838,2016,Ireland,12778,6450,6328,4009,5265,1185,2824,4565
839,2016,Israel,18889,8118,10771,5670,6269,1849,3821,5376
840,2016,Italy,74317,33734,40583,22617,27634,6100,16517,23676
841,2016,Jamaica,727,297,430,229,222,75,154,191
842,2016,Japan,106481,47958,58523,39981,31585,16373,23608,26878
843,2016,Jersey,14,9,5,5,6,3,2,6
844,2016,Jordan,2587,1015,1572,800,633,382,418,504
845,2016,Kazakhstan,955,436,519,275,296,140,135,263
846,2016,Kenya,2061,1331,730,1064,1046,285,779,867
847,2016,Korea (Democratic People's Republic of),51,19,32,10,16,3,7,15
848,2016,"Korea, Republic of",75326,31454,43872,25506,22315,9139,16367,19173
849,2016,Kuwait,1017,398,619,310,279,119,191,247
850,2016,Kyrgyzstan,61,26,35,24,10,16,8,8
851,2016,Lao People's Democratic Republic,76,47,29,44,42,5,39,34
852,2016,Latvia,1699,624,1075,461,345,279,182,304
853,2016,Lebanon,2314,884,1430,638,663,221,417,582
854,2016,Lesotho,40,12,28,11,5,7,4,4
855,2016,Liberia,9,6,3,4,5,1,3,5
856,2016,Libya,179,90,89,73,59,31,42,52
857,2016,Liechtenstein,46,11,35,7,10,1,6,9
858,2016,Lithuania,2671,1500,1171,1262,862,638,624,760
859,2016,Luxembourg,1224,719,505,275,661,58,217,605
860,2016,Macao,1938,550,1388,419,442,108,311,388
861,2016,Madagascar,34,24,10,22,19,5,17,16
862,2016,Malawi,342,257,85,219,222,35,184,187
863,2016,Malaysia,21508,9970,11538,7571,6572,3398,4173,5923
864,2016,Maldives,1,1,0,1,0,1,0,0
865,2016,Mali,254,230,24,110,221,9,101,187
866,2016,Malta,679,327,352,210,258,69,141,232
867,2016,Mauritania,3,1,2,1,1,0,1,1
868,2016,Mauritius,200,58,142,43,39,19,24,33
869,2016,Mexico,19247,10514,8733,8926,6426,4088,4838,5459
870,2016,"Moldova, Republic of",255,72,183,43,54,18,25,45
871,2016,Monaco,13,2,11,2,0,2,0,0
872,2016,Mongolia,255,120,135,109,82,38,71,68
873,2016,Montenegro,349,128,221,108,75,53,55,69
874,2016,Montserrat,4,4,0,3,3,1,2,1
875,2016,Morocco,1263,405,858,342,244,161,181,202
876,2016,Mozambique,1069,526,543,438,275,251,187,230
877,2016,Myanmar,60,31,29,27,20,11,16,17
878,2016,Namibia,222,137,85,111,76,61,50,68
879,2016,Nepal,1053,783,270,737,570,213,524,448
880,2016,Netherlands,48956,27887,21069,20374,22656,5231,15143,17628
881,2016,New Caledonia,43,24,19,19,17,7,12,11
882,2016,New Zealand,15185,6031,9154,4328,4574,1457,2871,4045
883,2016,Nicaragua,11,7,4,6,4,3,3,3
884,2016,Niger,11,8,3,5,5,3,2,4
885,2016,Nigeria,6505,3601,2904,3038,2225,1376,1662,1896
886,2016,North Macedonia,189,92,97,65,64,28,37,56
887,2016,Norway,16701,8836,7865,6216,7215,1621,4595,5969
888,2016,Oman,1124,499,625,429,322,177,252,283
889,2016,Pakistan,12473,5565,6908,4662,3828,1737,2925,3178
890,2016,"Palestine, State of",734,379,355,307,272,107,200,211
891,2016,Panama,403,269,134,228,183,86,142,166
892,2016,Papua New Guinea,118,82,36,64,64,18,46,49
893,2016,Paraguay,225,161,64,155,71,90,65,67
894,2016,Peru,2300,1813,487,1606,1300,513,1093,920
895,2016,Philippines,2167,990,1177,843,615,375,468,513
896,2016,Poland,33046,17131,15915,14411,10515,6616,7795,8525
897,2016,Portugal,16410,8422,7988,5244,6840,1582,3662,6171
898,2016,Qatar,2694,958,1736,629,735,223,406,653
899,2016,Romania,4773,1699,3074,1313,959,740,573,821
900,2016,Russian Federation,46447,14721,31726,11379,9227,5494,5885,8086
901,2016,Réunion,171,107,64,64,96,11,53,88
902,2016,Saint Kitts and Nevis,168,87,81,81,73,14,67,62
903,2016,Saint Lucia,4,1,3,1,0,1,0,0
904,2016,Saint Vincent and the Grenadines,8,6,2,5,4,2,3,3
905,2016,Samoa,10,7,3,4,5,2,2,5
906,2016,Saudi Arabia,15208,6785,8423,5111,4861,1924,3187,4182
907,2016,Senegal,352,179,173,163,139,40,123,121
908,2016,Serbia,5556,2418,3138,1985,1811,607,1378,1633
909,2016,Sierra Leone,41,35,6,33,27,8,25,23
910,2016,Singapore,18260,6595,11665,4504,5017,1578,2926,4451
911,2016,Sint Maarten (Dutch part),11,7,4,7,5,2,5,4
912,2016,Slovakia,3662,1659,2003,1407,1036,623,784,904
913,2016,Slovenia,3419,1673,1746,1307,1286,387,920,1102
914,2016,Somalia,2,0,2,0,0,0,0,0
915,2016,South Africa,22885,12617,10268,9737,9379,3238,6499,8314
916,2016,South Sudan,8,7,1,7,5,2,5,2
917,2016,Spain,67376,36894,30482,24620,30120,6774,17846,26525
918,2016,Sri Lanka,2031,1205,826,1107,649,556,551,423
919,2016,Sudan,537,290,247,249,196,94,155,175
920,2016,Suriname,34,27,7,25,15,12,13,14
921,2016,Svalbard and Jan Mayen,136,79,57,59,71,8,51,56
922,2016,Sweden,35593,19233,16360,13603,15810,3423,10180,12836
923,2016,Switzerland,36052,21163,14889,14233,17527,3636,10597,14483
924,2016,Syrian Arab Republic,218,129,89,107,89,40,67,81
925,2016,"Taiwan, Province of China",33367,11395,21972,9761,7968,3427,6334,6962
926,2016,Tajikistan,73,39,34,38,17,22,16,13
927,2016,"Tanzania, United Republic of",883,579,304,493,485,94,399,402
928,2016,Thailand,10812,4223,6589,3565,2808,1415,2150,2409
929,2016,Togo,83,45,38,37,33,12,25,31
930,2016,Trinidad and Tobago,27,12,15,10,8,4,6,7
931,2016,Tunisia,4470,976,3494,685,651,325,360,583
932,2016,Turkey,34112,15221,18891,11753,11144,4077,7676,9585
933,2016,Uganda,1269,952,317,754,814,138,616,713
934,2016,Ukraine,5955,2827,3128,2460,1307,1520,940,1147
935,2016,United Arab Emirates,3149,1125,2024,783,821,304,479,720
936,2016,United Kingdom of Great Britain and Northern Ireland,187735,122085,65650,69995,107593,14492,55503,86995
937,2016,United States of America,654297,321504,332793,219766,239213,82291,137475,206285
938,2016,Uruguay,235,143,92,122,81,62,60,67
939,2016,Uzbekistan,188,65,123,39,44,21,18,39
940,2016,Venezuela (Bolivarian Republic of),991,598,393,517,383,215,302,326
941,2016,Viet Nam,3074,1049,2025,786,685,364,422,589
942,2016,Virgin Islands (British),12,1,11,0,1,0,0,1
943,2016,Yemen,373,130,243,106,85,45,61,75
944,2016,Zambia,327,231,96,178,202,29,149,171
945,2016,Zimbabwe,1272,426,846,317,287,139,178,239
946,2016,Åland Islands,1,0,1,0,0,0,0,0
947,2015,,26591,13139,13452,8895,10602,2537,6358,9334
948,2015,Afghanistan,1,0,1,0,0,0,0,0
949,2015,Albania,238,135,103,111,97,38,73,70
950,2015,Algeria,1179,318,861,214,181,137,77,178
951,2015,Antigua and Barbuda,333,212,121,181,150,62,119,133
952,2015,Argentina,8490,4350,4140,3397,3473,877,2520,3013
953,2015,Armenia,531,271,260,228,232,39,189,196
954,2015,Australia,86365,38181,48184,25285,30045,8136,17149,27179
955,2015,Austria,16703,7923,8780,5714,6296,1627,4087,4999
956,2015,Azerbaijan,337,133,204,114,87,46,68,59
957,2015,Bahamas,26,13,13,9,9,4,5,9
958,2015,Bahrain,241,103,138,73,73,30,43,64
959,2015,Bangladesh,4689,2725,1964,2483,2024,701,1782,1749
960,2015,Belarus,875,252,623,180,175,77,103,155
961,2015,Belgium,25654,12887,12767,8203,10666,2221,5982,9421
962,2015,Belize,5,3,2,2,3,0,2,2
963,2015,Benin,585,362,223,290,315,47,243,283
964,2015,Bermuda,41,22,19,17,19,3,14,16
965,2015,Bhutan,13,3,10,0,3,0,0,3
966,2015,Bolivia (Plurinational State of),131,76,55,59,45,31,28,39
967,2015,Bosnia and Herzegovina,875,441,434,330,317,124,206,275
968,2015,Botswana,297,157,140,125,111,46,79,95
969,2015,Brazil,72437,48914,23523,44198,30772,18142,26056,27779
970,2015,Brunei Darussalam,316,116,200,85,85,31,54,67
971,2015,Bulgaria,2038,966,1072,733,687,279,454,597
972,2015,Burkina Faso,135,70,65,58,60,10,48,55
973,2015,Burundi,8,3,5,1,3,0,1,3
974,2015,Cabo Verde,3,2,1,2,2,0,2,2
975,2015,Cambodia,672,294,378,246,177,117,129,146
976,2015,Cameroon,538,279,259,251,216,63,188,195
977,2015,Canada,90770,38382,52388,28093,28435,9947,18146,25299
978,2015,Cayman Islands,1,0,1,0,0,0,0,0
979,2015,Chad,14,6,8,3,6,0,3,6
980,2015,Chile,8442,5382,3060,4410,3576,1806,2604,2811
981,2015,China,312793,89970,222823,72743,64214,25756,46987,57259
982,2015,Colombia,9191,6460,2731,5726,4381,2079,3647,3653
983,2015,Congo,5,4,1,4,3,1,3,2
984,2015,"Congo, Democratic Republic of the",169,117,52,85,106,11,74,101
985,2015,Costa Rica,1197,977,220,896,587,390,506,550
986,2015,Croatia,3013,1582,1431,1262,1237,345,917,1097
987,2015,Cuba,519,296,223,248,206,90,158,185
988,2015,Cyprus,1891,781,1110,493,614,167,326,538
989,2015,Czechia,13426,5533,7893,4427,3975,1558,2869,3477
990,2015,Côte d'Ivoire,135,73,62,61,52,21,40,46
991,2015,Denmark,22686,11755,10931,7908,9696,2059,5849,8440
992,2015,Dominican Republic,53,44,9,38,29,15,23,15
993,2015,Ecuador,914,588,326,462,399,189,273,361
994,2015,Egypt,13257,5233,8024,4504,2695,2538,1966,2374
995,2015,El Salvador,79,70,9,68,48,22,46,43
996,2015,Eritrea,1,0,1,0,0,0,0,0
997,2015,Estonia,2839,1188,1651,943,847,341,602,724
998,2015,Eswatini,38,18,20,17,9,9,8,9
999,2015,Ethiopia,1281,815,466,724,655,160,564,580
1000,2015,Faroe Islands,34,14,20,8,11,3,5,11
1001,2015,Fiji,210,64,146,37,49,15,22,45
1002,2015,Finland,16147,7221,8926,4845,5882,1339,3506,5102
1003,2015,France,67499,33024,34475,20031,27151,5873,14158,24277
1004,2015,French Guiana,4,3,1,3,2,1,2,1
1005,2015,French Polynesia,37,22,15,14,18,4,10,17
1006,2015,Gabon,126,50,76,46,30,20,26,22
1007,2015,Gambia,3,3,0,3,3,0,3,2
1008,2015,Georgia,513,323,190,250,268,55,195,209
1009,2015,Germany,117768,51809,65959,36268,40966,10843,25425,35128
1010,2015,Ghana,1767,945,822,795,689,256,539,579
1011,2015,Gibraltar,2,1,1,1,1,0,1,1
1012,2015,Greece,12748,4841,7907,3367,3621,1220,2147,3150
1013,2015,Greenland,11,7,4,6,6,1,5,5
1014,2015,Grenada,225,100,125,77,77,23,54,59
1015,2015,Guadeloupe,3,0,3,0,0,0,0,0
1016,2015,Guatemala,160,107,53,88,76,31,57,65
1017,2015,Guinea,1,1,0,1,1,0,1,1
1018,2015,Guinea-Bissau,25,19,6,17,14,5,12,12
1019,2015,Guyana,13,11,2,10,5,6,4,5
1020,2015,Hungary,8313,4574,3739,2632,3864,710,1922,3442
1021,2015,Iceland,1107,503,604,316,411,92,224,372
1022,2015,India,88896,27895,61001,22008,16982,10913,11095,15268
1023,2015,Indonesia,10283,7219,3064,6797,2848,4371,2426,2405
1024,2015,Iran (Islamic Republic of),35870,11977,23893,9674,8140,3837,5837,6477
1025,2015,Iraq,1365,589,776,462,376,213,249,337
1026,2015,Ireland,11884,5653,6231,3583,4675,978,2605,4126
1027,2015,Israel,17744,7541,10203,5232,5865,1676,3556,5104
1028,2015,Italy,70913,31232,39681,21070,25608,5624,15446,22151
1029,2015,Jamaica,650,323,327,230,237,86,144,220
1030,2015,Japan,105895,47415,58480,39425,30238,17177,22248,26315
1031,2015,Jersey,14,11,3,6,7,4,2,6
1032,2015,Jordan,2316,910,1406,713,609,301,412,441
1033,2015,Kazakhstan,829,395,434,267,248,147,120,214
1034,2015,Kenya,1831,1172,659,922,931,241,681,806
1035,2015,Korea (Democratic People's Republic of),38,16,22,10,10,6,4,9
1036,2015,"Korea, Republic of",78993,32956,46037,26678,22374,10582,16096,19959
1037,2015,Kuwait,895,347,548,289,257,90,199,215
1038,2015,Kyrgyzstan,34,13,21,12,5,8,4,4
1039,2015,Lao People's Democratic Republic,72,48,24,37,46,2,35,38
1040,2015,Latvia,1913,801,1112,500,499,302,198,476
1041,2015,Lebanon,1961,740,1221,567,560,180,387,500
1042,2015,Lesotho,35,17,18,14,13,4,10,11
1043,2015,Liberia,5,3,2,3,3,0,3,3
1044,2015,Libya,157,56,101,46,34,22,24,30
1045,2015,Liechtenstein,36,7,29,2,6,1,1,5
1046,2015,Lithuania,2972,1761,1211,1485,937,824,661,859
1047,2015,Luxembourg,1237,725,512,297,648,77,220,580
1048,2015,Macao,1545,414,1131,302,320,94,208,300
1049,2015,Madagascar,33,19,14,18,16,3,15,15
1050,2015,Malawi,308,238,70,200,201,37,163,155
1051,2015,Malaysia,22104,9077,13027,6462,6253,2824,3638,5524
1052,2015,Maldives,4,2,2,1,1,1,0,1
1053,2015,Mali,262,219,43,101,214,5,96,186
1054,2015,Malta,559,290,269,151,258,32,119,234
1055,2015,Mauritania,1,0,1,0,0,0,0,0
1056,2015,Mauritius,196,53,143,44,33,20,24,28
1057,2015,Mexico,16935,9203,7732,7832,5564,3639,4193,4768
1058,2015,"Moldova, Republic of",185,52,133,35,33,19,16,28
1059,2015,Monaco,14,3,11,2,1,2,0,1
1060,2015,Mongolia,211,91,120,66,56,35,31,52
1061,2015,Montenegro,294,134,160,94,92,42,52,80
1062,2015,Montserrat,6,6,0,3,6,0,3,6
1063,2015,Morocco,762,232,530,193,168,64,129,133
1064,2015,Mozambique,903,439,464,378,192,247,131,171
1065,2015,Myanmar,45,23,22,19,16,7,12,16
1066,2015,Namibia,181,109,72,79,77,32,47,67
1067,2015,Nepal,1149,862,287,813,638,224,589,502
1068,2015,Netherlands,46240,23936,22304,17122,19850,4086,13036,15858
1069,2015,New Caledonia,64,35,29,21,30,5,16,26
1070,2015,New Zealand,14260,5523,8737,3982,4156,1367,2615,3726
1071,2015,Nicaragua,6,5,1,4,4,1,3,4
1072,2015,Niger,8,6,2,4,4,2,2,4
1073,2015,Nigeria,5339,2918,2421,2415,2010,908,1507,1650
1074,2015,North Macedonia,163,85,78,78,40,45,33,31
1075,2015,Norway,14635,7512,7123,5272,6186,1326,3946,5231
1076,2015,Oman,1116,488,628,413,317,171,242,291
1077,2015,Pakistan,10335,4423,5912,3683,3152,1271,2412,2689
1078,2015,"Palestine, State of",695,329,366,264,217,112,152,172
1079,2015,Panama,388,238,150,187,194,44,143,180
1080,2015,Papua New Guinea,135,83,52,65,66,17,48,61
1081,2015,Paraguay,171,118,53,111,70,48,63,66
1082,2015,Peru,1675,1326,349,1148,963,363,785,656
1083,2015,Philippines,2107,899,1208,742,511,388,354,440
1084,2015,Poland,30744,15620,15124,13099,9192,6428,6671,7570
1085,2015,Portugal,15644,8077,7567,5036,6469,1608,3428,5877
1086,2015,Qatar,2042,746,1296,464,609,137,327,539
1087,2015,Romania,5346,2086,3260,1727,928,1158,569,811
1088,2015,Russian Federation,41474,12026,29448,8742,7385,4641,4101,6507
1089,2015,Réunion,161,101,60,53,90,11,42,89
1090,2015,Saint Kitts and Nevis,98,57,41,52,50,7,45,45
1091,2015,Saint Lucia,2,1,1,1,1,0,1,1
1092,2015,Saint Vincent and the Grenadines,3,1,2,0,1,0,0,1
1093,2015,Samoa,6,5,1,5,0,5,0,0
1094,2015,Saudi Arabia,14226,6052,8174,4588,4399,1653,2935,3826
1095,2015,Senegal,283,149,134,126,131,18,108,109
1096,2015,Serbia,5530,2285,3245,1829,1667,618,1211,1504
1097,2015,Sierra Leone,34,21,13,17,17,4,13,13
1098,2015,Singapore,17351,5885,11466,3947,4576,1309,2638,4074
1099,2015,Sint Maarten (Dutch part),14,5,9,1,5,0,1,5
1100,2015,Slovakia,3528,1497,2031,1274,874,623,651,758
1101,2015,Slovenia,3337,1604,1733,1251,1198,406,845,1033
1102,2015,Somalia,5,2,3,2,2,0,2,2
1103,2015,South Africa,19931,10806,9125,8122,8396,2410,5712,7530
1104,2015,South Sudan,5,2,3,1,2,0,1,2
1105,2015,Spain,64164,34153,30011,22889,27827,6326,16563,24542
1106,2015,Sri Lanka,1910,1136,774,984,739,397,587,550
1107,2015,Sudan,495,209,286,180,145,64,116,126
1108,2015,Suriname,22,14,8,11,9,5,6,8
1109,2015,Svalbard and Jan Mayen,106,73,33,54,55,18,36,45
1110,2015,Sweden,33764,17558,16206,12193,14414,3144,9049,12162
1111,2015,Switzerland,34529,18978,15551,12186,16108,2870,9316,13943
1112,2015,Syrian Arab Republic,193,106,87,88,67,39,49,54
1113,2015,"Taiwan, Province of China",33876,11197,22679,9505,7518,3679,5826,6709
1114,2015,Tajikistan,51,27,24,21,16,11,10,15
1115,2015,"Tanzania, United Republic of",824,554,270,472,460,94,378,411
1116,2015,Thailand,9970,3730,6240,3104,2582,1148,1956,2241
1117,2015,Togo,82,31,51,25,25,6,19,21
1118,2015,Trinidad and Tobago,23,13,10,10,9,4,6,9
1119,2015,Tunisia,3647,812,2835,537,561,251,286,508
1120,2015,Turkey,32099,13800,18299,10507,9864,3936,6571,8790
1121,2015,Uganda,1247,929,318,745,834,95,650,734
1122,2015,Ukraine,4886,2004,2882,1704,962,1042,662,818
1123,2015,United Arab Emirates,2659,928,1731,654,669,259,395,568
1124,2015,United Kingdom of Great Britain and Northern Ireland,179187,102819,76368,63150,87170,15649,47501,71740
1125,2015,United States of America,627496,295786,331710,191829,232115,63671,128158,205695
1126,2015,Uruguay,197,91,106,75,61,30,45,54
1127,2015,Uzbekistan,153,38,115,21,32,6,15,24
1128,2015,Venezuela (Bolivarian Republic of),997,577,420,498,336,241,257,277
1129,2015,Viet Nam,2365,805,1560,591,541,264,327,467
1130,2015,Virgin Islands (British),16,2,14,1,2,0,1,2
1131,2015,Yemen,333,107,226,90,72,35,55,66
1132,2015,Zambia,299,212,87,166,193,19,147,173
1133,2015,Zimbabwe,1115,371,744,279,263,108,171,225
1134,2015,Åland Islands,7,3,4,3,1,2,1,1
1135,2014,,26390,12430,13960,8122,10277,2153,5969,9226
1136,2014,Afghanistan,7,5,2,4,5,0,4,5
1137,2014,Albania,251,169,82,144,144,25,119,98
1138,2014,Algeria,839,218,621,155,131,87,68,122
1139,2014,Antigua and Barbuda,261,157,104,126,128,29,97,118
1140,2014,Argentina,7754,3820,3934,2913,3119,701,2212,2735
1141,2014,Armenia,502,229,273,168,191,38,130,170
1142,2014,Aruba,3,0,3,0,0,0,0,0
1143,2014,Australia,80696,33493,47203,20912,27301,6192,14720,25074
1144,2014,Austria,15992,7078,8914,4864,5745,1333,3531,4643
1145,2014,Azerbaijan,328,114,214,94,84,30,64,66
1146,2014,Bahamas,28,24,4,21,21,3,18,21
1147,2014,Bahrain,238,102,136,76,73,29,47,60
1148,2014,Bangladesh,4314,2362,1952,2115,1775,587,1528,1606
1149,2014,Belarus,864,203,661,139,159,44,95,143
1150,2014,Belgium,24423,11432,12991,7144,9464,1968,5176,8495
1151,2014,Belize,2,1,1,1,0,1,0,0
1152,2014,Benin,596,339,257,276,288,51,225,274
1153,2014,Bermuda,37,15,22,11,11,4,7,8
1154,2014,Bhutan,15,3,12,2,3,0,2,3
1155,2014,Bolivia (Plurinational State of),84,43,41,38,27,16,22,23
1156,2014,Bosnia and Herzegovina,842,411,431,310,286,125,185,262
1157,2014,Botswana,322,167,155,142,126,41,101,106
1158,2014,Brazil,65018,41892,23126,37442,27784,14108,23334,25262
1159,2014,Brunei Darussalam,197,82,115,66,64,18,48,49
1160,2014,Bulgaria,2006,875,1131,653,620,255,398,559
1161,2014,Burkina Faso,132,81,51,69,69,12,57,63
1162,2014,Burundi,4,0,4,0,0,0,0,0
1163,2014,Cabo Verde,6,4,2,3,3,1,2,3
1164,2014,Cambodia,562,216,346,176,148,68,108,132
1165,2014,Cameroon,475,226,249,188,181,45,143,157
1166,2014,Canada,88125,35631,52494,24992,27000,8631,16361,24522
1167,2014,Cayman Islands,3,2,1,2,1,1,1,1
1168,2014,Chad,9,4,5,3,2,2,1,2
1169,2014,Chile,7303,4880,2423,3939,3249,1631,2308,2745
1170,2014,China,310100,73659,236441,57147,54175,19484,37663,50037
1171,2014,Colombia,7676,5177,2499,4568,3397,1780,2788,2999
1172,2014,Congo,4,3,1,3,3,0,3,3
1173,2014,"Congo, Democratic Republic of the",172,121,51,96,109,12,84,106
1174,2014,Costa Rica,965,704,261,628,543,161,467,516
1175,2014,Croatia,2882,1312,1570,977,1060,252,725,959
1176,2014,Cuba,506,264,242,213,211,53,160,191
1177,2014,Cyprus,1708,600,1108,402,466,134,268,417
1178,2014,Czechia,12486,4885,7601,3718,3500,1385,2333,3099
1179,2014,Côte d'Ivoire,116,53,63,36,43,10,26,39
1180,2014,Denmark,20912,10113,10799,6743,8294,1819,4924,7350
1181,2014,Dominican Republic,97,87,10,71,40,47,24,35
1182,2014,Ecuador,567,374,193,299,266,108,191,240
1183,2014,Egypt,11755,4529,7226,3872,2328,2201,1671,2086
1184,2014,El Salvador,96,82,14,82,57,25,57,48
1185,2014,Eritrea,1,1,0,0,1,0,0,1
1186,2014,Estonia,2824,1096,1728,877,761,335,542,659
1187,2014,Eswatini,30,19,11,17,10,9,8,7
1188,2014,Ethiopia,1162,751,411,647,650,101,546,585
1189,2014,Faroe Islands,16,9,7,5,7,2,3,7
1190,2014,Fiji,208,69,139,44,54,15,29,45
1191,2014,Finland,15312,6450,8862,4297,5289,1161,3136,4739
1192,2014,France,66835,30690,36145,17994,25427,5263,12731,23316
1193,2014,French Polynesia,17,13,4,9,8,5,4,8
1194,2014,Gabon,126,39,87,35,27,12,23,24
1195,2014,Gambia,9,7,2,5,3,4,1,3
1196,2014,Georgia,467,272,195,220,235,37,183,192
1197,2014,Germany,114104,47358,66746,31888,37758,9600,22288,33287
1198,2014,Ghana,1539,739,800,607,585,154,453,503
1199,2014,Gibraltar,10,5,5,4,5,0,4,5
1200,2014,Greece,13031,4447,8584,3027,3318,1129,1898,2946
1201,2014,Greenland,14,5,9,5,3,2,3,1
1202,2014,Grenada,204,82,122,63,61,21,42,55
1203,2014,Guadeloupe,3,1,2,0,1,0,0,1
1204,2014,Guatemala,122,69,53,55,52,17,38,48
1205,2014,Guinea,1,0,1,0,0,0,0,0
1206,2014,Guinea-Bissau,29,24,5,22,16,8,14,13
1207,2014,Guyana,10,3,7,2,1,2,0,1
1208,2014,Hungary,8100,4230,3870,2353,3562,668,1685,3174
1209,2014,Iceland,1019,464,555,295,398,66,229,348
1210,2014,India,85022,24351,60671,18459,16379,7972,10487,14756
1211,2014,Indonesia,6876,4743,2133,4385,1984,2759,1626,1690
1212,2014,Iran (Islamic Republic of),32491,10107,22384,8096,6902,3205,4891,5459
1213,2014,Iraq,1163,438,725,347,280,158,189,259
1214,2014,Ireland,11352,5168,6184,2855,4480,688,2167,4039
1215,2014,Israel,17225,6919,10306,4590,5477,1442,3148,4912
1216,2014,Italy,67740,28023,39717,18679,22867,5156,13523,20169
1217,2014,Jamaica,743,374,369,242,275,99,143,254
1218,2014,Japan,104234,43405,60829,35009,28796,14609,20400,25575
1219,2014,Jersey,22,12,10,11,10,2,9,7
1220,2014,Jordan,2123,794,1329,574,574,220,354,459
1221,2014,Kazakhstan,732,332,400,239,188,144,95,177
1222,2014,Kenya,1700,1047,653,806,858,189,617,730
1223,2014,Korea (Democratic People's Republic of),28,12,16,7,9,3,4,8
1224,2014,"Korea, Republic of",75091,30596,44495,23831,22121,8475,15356,20213
1225,2014,Kuwait,826,282,544,217,222,60,157,191
1226,2014,Kyrgyzstan,37,15,22,8,12,3,5,11
1227,2014,Lao People's Democratic Republic,70,35,35,29,31,4,25,22
1228,2014,Latvia,1472,557,915,413,344,213,200,322
1229,2014,Lebanon,1810,698,1112,504,521,177,327,466
1230,2014,Lesotho,21,10,11,9,6,4,5,6
1231,2014,Liberia,7,5,2,4,3,2,2,3
1232,2014,Libya,138,49,89,42,29,20,22,23
1233,2014,Liechtenstein,51,8,43,5,8,0,5,8
1234,2014,Lithuania,2854,1677,1177,1414,817,860,554,742
1235,2014,Luxembourg,1206,634,572,247,582,52,195,534
1236,2014,Macao,1254,307,947,209,248,59,150,234
1237,2014,Madagascar,28,16,12,14,9,7,7,7
1238,2014,Malawi,288,190,98,156,172,18,138,137
1239,2014,Malaysia,21254,8618,12636,6294,6282,2336,3958,5665
1240,2014,Maldives,3,1,2,0,1,0,0,1
1241,2014,Mali,231,193,38,81,185,8,73,157
1242,2014,Malta,457,211,246,128,185,26,102,169
1243,2014,Mauritania,6,3,3,3,2,1,2,2
1244,2014,Mauritius,163,52,111,44,30,22,22,26
1245,2014,Mexico,15032,7903,7129,6641,4978,2925,3716,4273
1246,2014,"Moldova, Republic of",192,37,155,22,25,12,10,24
1247,2014,Monaco,8,2,6,1,1,1,0,1
1248,2014,Mongolia,256,95,161,77,69,26,51,65
1249,2014,Montenegro,249,118,131,79,89,29,50,82
1250,2014,Montserrat,22,13,9,7,11,2,5,8
1251,2014,Morocco,548,160,388,121,132,28,93,110
1252,2014,Mozambique,716,295,421,257,127,168,89,112
1253,2014,Myanmar,30,9,21,6,7,2,4,6
1254,2014,Namibia,192,113,79,86,87,26,60,77
1255,2014,Nepal,891,681,210,648,450,231,417,418
1256,2014,Netherlands,45629,20912,24717,13822,17192,3720,10102,15306
1257,2014,New Caledonia,69,49,20,28,42,7,21,38
1258,2014,New Zealand,13467,4830,8637,3293,3726,1104,2189,3406
1259,2014,Nicaragua,13,6,7,2,5,1,1,4
1260,2014,Niger,8,4,4,2,2,2,0,2
1261,2014,Nigeria,5196,2868,2328,2315,1970,898,1417,1647
1262,2014,North Macedonia,126,73,53,59,50,23,36,40
1263,2014,Norway,14241,6869,7372,4649,5764,1105,3544,4954
1264,2014,Oman,1000,389,611,335,245,144,191,215
1265,2014,Pakistan,9056,3791,5265,3090,2769,1022,2068,2414
1266,2014,"Palestine, State of",711,327,384,266,204,123,143,167
1267,2014,Panama,327,177,150,127,152,25,102,140
1268,2014,Papua New Guinea,105,59,46,48,55,4,44,51
1269,2014,Paraguay,69,44,25,43,31,13,30,28
1270,2014,Peru,4689,4410,279,4078,3814,596,3482,2422
1271,2014,Philippines,1715,628,1087,496,400,228,268,352
1272,2014,Poland,26273,12680,13593,10287,7920,4760,5527,6385
1273,2014,Portugal,14757,7369,7388,4250,6039,1330,2920,5657
1274,2014,Qatar,1768,553,1215,346,432,121,225,397
1275,2014,Romania,4710,1993,2717,1670,946,1047,623,855
1276,2014,Russian Federation,33798,7194,26604,4632,5063,2131,2501,4587
1277,2014,Réunion,159,82,77,61,67,15,46,59
1278,2014,Saint Kitts and Nevis,131,37,94,28,33,4,24,32
1279,2014,Saint Lucia,2,0,2,0,0,0,0,0
1280,2014,Saint Vincent and the Grenadines,7,4,3,3,4,0,3,4
1281,2014,Samoa,5,1,4,1,1,0,1,1
1282,2014,Saudi Arabia,12452,4983,7469,3812,3710,1273,2539,3364
1283,2014,Senegal,230,113,117,89,97,16,73,84
1284,2014,Serbia,5017,2005,3012,1559,1533,472,1087,1413
1285,2014,Sierra Leone,16,11,5,7,10,1,6,10
1286,2014,Singapore,15872,5023,10849,3107,3974,1049,2058,3634
1287,2014,Sint Maarten (Dutch part),11,4,7,4,4,0,4,4
1288,2014,Slovakia,3635,1388,2247,1177,818,570,607,719
1289,2014,Slovenia,3097,1358,1739,1018,1024,334,684,919
1290,2014,Somalia,4,0,4,0,0,0,0,0
1291,2014,South Africa,19288,10746,8542,8181,8497,2249,5932,7849
1292,2014,South Sudan,6,2,4,2,2,0,2,2
1293,2014,Spain,61796,30837,30959,20447,25274,5563,14884,22818
1294,2014,Sri Lanka,1498,828,670,722,578,250,472,377
1295,2014,Sudan,391,197,194,176,148,49,127,132
1296,2014,Suriname,9,8,1,6,5,3,3,5
1297,2014,Svalbard and Jan Mayen,89,46,43,39,40,6,33,29
1298,2014,Sweden,32260,16091,16169,10650,13421,2670,7980,11608
1299,2014,Switzerland,32503,17506,14997,10568,14973,2533,8035,13270
1300,2014,Syrian Arab Republic,172,86,86,69,50,36,33,47
1301,2014,"Taiwan, Province of China",35493,10485,25008,8374,7409,3076,5298,6803
1302,2014,Tajikistan,38,16,22,12,10,6,6,10
1303,2014,"Tanzania, United Republic of",839,547,292,463,468,79,384,424
1304,2014,Thailand,9970,3552,6418,2879,2462,1090,1789,2159
1305,2014,Togo,53,28,25,23,25,3,20,22
1306,2014,Trinidad and Tobago,46,26,20,22,15,11,11,11
1307,2014,Tunisia,2911,643,2268,406,456,187,219,425
1308,2014,Turkey,28005,11615,16390,8615,8274,3341,5274,7484
1309,2014,Uganda,1114,833,281,606,751,82,524,673
1310,2014,Ukraine,4549,1747,2802,1435,826,921,514,709
1311,2014,United Arab Emirates,2094,685,1409,497,504,181,316,426
1312,2014,United Kingdom of Great Britain and Northern Ireland,169663,86916,82747,53101,73703,13213,39888,61753
1313,2014,United States of America,609979,271590,338389,162971,222574,49016,113955,202432
1314,2014,Uruguay,183,98,85,77,72,26,51,60
1315,2014,Uzbekistan,125,32,93,18,26,6,12,24
1316,2014,Venezuela (Bolivarian Republic of),870,481,389,387,331,150,237,293
1317,2014,Viet Nam,1971,663,1308,483,446,217,266,373
1318,2014,Virgin Islands (British),26,5,21,2,3,2,0,3
1319,2014,Yemen,395,96,299,83,72,24,59,64
1320,2014,Zambia,256,187,69,146,165,22,124,152
1321,2014,Zimbabwe,915,297,618,228,236,61,167,197
1322,2014,Åland Islands,2,2,0,0,2,0,0,2
1323,2013,,25080,11298,13782,7088,9403,1895,5193,8512
1324,2013,Afghanistan,5,4,1,4,3,1,3,3
1325,2013,Albania,306,233,73,210,204,29,181,118
1326,2013,Algeria,720,180,540,132,99,81,51,96
1327,2013,Antigua and Barbuda,233,135,98,112,101,34,78,95
1328,2013,Argentina,7009,3379,3630,2521,2736,643,1878,2367
1329,2013,Armenia,442,164,278,101,130,34,67,101
1330,2013,Australia,76931,30320,46611,18626,24380,5940,12686,22545
1331,2013,Austria,15479,6563,8916,4447,5368,1195,3252,4343
1332,2013,Azerbaijan,333,110,223,92,87,23,69,37
1333,2013,Bahamas,33,22,11,21,18,4,17,18
1334,2013,Bahrain,278,99,179,77,72,27,50,63
1335,2013,Bangladesh,3711,2259,1452,2006,1731,528,1478,1586
1336,2013,Belarus,807,150,657,113,116,34,79,63
1337,2013,Belgium,23263,10165,13098,6132,8429,1736,4396,7667
1338,2013,Belize,1,1,0,0,1,0,0,1
1339,2013,Benin,522,302,220,241,282,20,221,269
1340,2013,Bermuda,64,24,40,17,16,8,9,14
1341,2013,Bhutan,9,1,8,1,1,0,1,1
1342,2013,Bolivia (Plurinational State of),97,54,43,39,45,9,30,37
1343,2013,Bosnia and Herzegovina,697,337,360,244,227,110,134,207
1344,2013,Botswana,261,127,134,121,87,40,81,67
1345,2013,Brazil,57893,37388,20505,33484,24655,12733,20751,22333
1346,2013,Brunei Darussalam,123,48,75,40,37,11,29,33
1347,2013,Bulgaria,1879,684,1195,500,488,196,304,382
1348,2013,Burkina Faso,117,52,65,43,41,11,32,39
1349,2013,Burundi,1,0,1,0,0,0,0,0
1350,2013,Cabo Verde,2,1,1,0,1,0,0,1
1351,2013,Cambodia,483,158,325,120,114,44,76,104
1352,2013,Cameroon,417,201,216,173,154,47,126,141
1353,2013,Canada,85573,33169,52404,22837,25213,7956,14881,23049
1354,2013,Cayman Islands,4,1,3,0,1,0,0,1
1355,2013,Chad,8,4,4,4,3,1,3,3
1356,2013,Chile,6502,4376,2126,3416,2974,1402,2014,2251
1357,2013,China,284113,60487,223626,45658,43922,16565,29093,40724
1358,2013,Colombia,5859,3792,2067,3311,2524,1268,2043,2162
1359,2013,Congo,3,2,1,2,2,0,2,2
1360,2013,"Congo, Democratic Republic of the",105,58,47,47,53,5,42,51
1361,2013,Costa Rica,792,620,172,558,475,145,413,452
1362,2013,Croatia,2442,1070,1372,773,886,184,589,755
1363,2013,Cuba,472,246,226,184,181,65,119,164
1364,2013,Cyprus,1757,609,1148,397,481,128,269,386
1365,2013,Czechia,10401,4044,6357,3016,3068,976,2040,2683
1366,2013,Côte d'Ivoire,84,34,50,29,30,4,25,29
1367,2013,Denmark,19384,8875,10509,5678,7203,1672,4006,6465
1368,2013,Dominican Republic,40,34,6,13,31,3,10,28
1369,2013,Ecuador,416,267,149,205,187,80,125,169
1370,2013,Egypt,10106,3686,6420,3059,1850,1836,1223,1636
1371,2013,El Salvador,71,61,10,57,37,24,33,36
1372,2013,Eritrea,2,1,1,1,1,0,1,0
1373,2013,Estonia,2531,996,1535,751,706,290,461,587
1374,2013,Eswatini,31,20,11,15,16,4,11,15
1375,2013,Ethiopia,876,481,395,404,419,62,342,382
1376,2013,Faroe Islands,6,2,4,0,2,0,0,2
1377,2013,Fiji,192,53,139,33,40,13,20,33
1378,2013,Finland,14630,5537,9093,3715,4405,1132,2583,3944
1379,2013,France,63131,28233,34898,16192,23692,4541,11651,21903
1380,2013,French Polynesia,20,12,8,9,9,3,6,9
1381,2013,Gabon,78,38,40,33,33,5,28,27
1382,2013,Gambia,19,8,11,8,6,2,6,5
1383,2013,Georgia,472,252,220,206,219,33,173,97
1384,2013,Germany,109337,42857,66480,27777,34537,8320,19457,31216
1385,2013,Ghana,1300,546,754,460,402,144,316,351
1386,2013,Gibraltar,13,5,8,5,5,0,5,3
1387,2013,Greece,12344,4148,8196,2855,3104,1044,1811,2638
1388,2013,Greenland,10,7,3,7,7,0,7,6
1389,2013,Grenada,150,50,100,36,38,12,24,31
1390,2013,Guadeloupe,6,1,5,0,1,0,0,1
1391,2013,Guatemala,106,64,42,46,46,18,28,41
1392,2013,Guinea-Bissau,16,9,7,8,8,1,7,7
1393,2013,Guyana,19,8,11,8,2,6,2,0
1394,2013,Hungary,7503,3446,4057,1891,2905,541,1350,2593
1395,2013,Iceland,965,406,559,257,335,71,186,312
1396,2013,India,71513,19471,52042,13889,13926,5545,8344,12525
1397,2013,Indonesia,5450,3835,1615,3559,1493,2342,1217,1253
1398,2013,Iran (Islamic Republic of),29258,8390,20868,6405,5573,2817,3588,4576
1399,2013,Iraq,1064,406,658,276,281,125,151,260
1400,2013,Ireland,10967,4879,6088,2591,4172,707,1884,3847
1401,2013,Israel,16325,6347,9978,3994,5096,1251,2743,4577
1402,2013,Italy,61482,24187,37295,15829,19595,4592,11237,17474
1403,2013,Jamaica,608,240,368,181,183,57,124,160
1404,2013,Japan,103412,40419,62993,31697,27173,13246,18451,24235
1405,2013,Jersey,19,7,12,4,3,4,0,3
1406,2013,Jordan,2151,739,1412,524,520,219,305,444
1407,2013,Kazakhstan,494,195,299,130,109,86,44,100
1408,2013,Kenya,1479,857,622,635,740,117,518,646
1409,2013,Korea (Democratic People's Republic of),13,6,7,0,6,0,0,6
1410,2013,"Korea, Republic of",71757,28058,43699,21226,20653,7405,13821,19082
1411,2013,Kuwait,791,258,533,210,192,66,144,174
1412,2013,Kyrgyzstan,37,10,27,8,5,5,3,5
1413,2013,Lao People's Democratic Republic,45,28,17,23,25,3,20,22
1414,2013,Latvia,1277,423,854,299,249,174,125,227
1415,2013,Lebanon,1668,485,1183,338,378,107,231,336
1416,2013,Lesotho,27,15,12,15,9,6,9,9
1417,2013,Liberia,8,4,4,3,2,2,1,2
1418,2013,Libya,113,40,73,32,24,16,16,20
1419,2013,Liechtenstein,45,11,34,3,9,2,1,9
1420,2013,Lithuania,2304,1348,956,1034,762,586,448,671
1421,2013,Luxembourg,1070,554,516,212,517,37,175,485
1422,2013,Macao,988,216,772,142,172,44,98,168
1423,2013,Madagascar,24,14,10,11,11,3,8,11
1424,2013,Malawi,243,166,77,133,148,18,115,131
1425,2013,Malaysia,17634,7627,10007,5326,5264,2363,2963,4715
1426,2013,Maldives,1,1,0,1,0,1,0,0
1427,2013,Mali,212,185,27,73,183,2,71,164
1428,2013,Malta,407,179,228,97,157,22,75,147
1429,2013,Mauritania,3,1,2,0,1,0,0,1
1430,2013,Mauritius,176,48,128,39,26,22,17,22
1431,2013,Mexico,12717,6277,6440,5132,4038,2239,2893,3492
1432,2013,"Moldova, Republic of",168,29,139,16,23,6,10,20
1433,2013,Monaco,10,5,5,5,1,4,1,1
1434,2013,Mongolia,204,57,147,44,45,12,32,37
1435,2013,Montenegro,232,108,124,77,88,20,57,81
1436,2013,Montserrat,7,4,3,3,3,1,2,3
1437,2013,Morocco,312,134,178,110,100,34,76,46
1438,2013,Mozambique,573,215,358,174,109,106,68,93
1439,2013,Myanmar,26,12,14,8,8,4,4,8
1440,2013,Namibia,134,88,46,71,72,16,55,63
1441,2013,Nepal,1004,784,220,744,605,179,565,549
1442,2013,Netherlands,44728,19205,25523,12445,15650,3555,8890,14078
1443,2013,New Caledonia,26,9,17,5,8,1,4,8
1444,2013,New Zealand,13067,4633,8434,3097,3426,1207,1890,3121
1445,2013,Nicaragua,5,5,0,4,5,0,4,4
1446,2013,Niger,13,10,3,9,9,1,8,7
1447,2013,Nigeria,4341,2313,2028,1867,1690,623,1244,1326
1448,2013,North Macedonia,115,61,54,47,42,19,28,36
1449,2013,Norway,13512,5858,7654,3881,4813,1045,2836,4272
1450,2013,Oman,905,365,540,294,275,90,204,261
1451,2013,Pakistan,7758,3147,4611,2470,2383,764,1706,2056
1452,2013,"Palestine, State of",613,256,357,196,189,67,129,157
1453,2013,Panama,335,175,160,135,136,39,96,126
1454,2013,Papua New Guinea,84,55,29,45,52,3,42,51
1455,2013,Paraguay,43,26,17,25,15,11,14,10
1456,2013,Peru,1698,1461,237,1341,1301,160,1181,1140
1457,2013,Philippines,1493,558,935,444,373,185,259,326
1458,2013,Poland,22118,9456,12662,7371,6376,3080,4291,5070
1459,2013,Portugal,13293,6351,6942,3527,5254,1097,2430,4929
1460,2013,Qatar,1299,342,957,225,277,65,160,253
1461,2013,Romania,3723,1399,2324,1162,725,674,488,634
1462,2013,Russian Federation,28828,6093,22735,3158,4801,1292,1866,4243
1463,2013,Réunion,139,78,61,44,69,9,35,69
1464,2013,Saint Kitts and Nevis,19,8,11,5,7,1,4,7
1465,2013,Saint Lucia,1,1,0,1,0,1,0,0
1466,2013,Saint Vincent and the Grenadines,2,0,2,0,0,0,0,0
1467,2013,Samoa,4,0,4,0,0,0,0,0
1468,2013,Saudi Arabia,9967,3758,6209,2899,2712,1046,1853,2461
1469,2013,Senegal,229,105,124,91,88,17,74,74
1470,2013,Serbia,4696,1631,3065,1267,1202,429,838,1016
1471,2013,Sierra Leone,13,8,5,5,8,0,5,8
1472,2013,Singapore,15184,4352,10832,2581,3498,854,1727,3228
1473,2013,Sint Maarten (Dutch part),8,3,5,3,1,2,1,1
1474,2013,Slovakia,2747,1063,1684,895,672,391,504,523
1475,2013,Slovenia,3041,1222,1819,886,947,275,611,835
1476,2013,Somalia,2,1,1,0,1,0,0,1
1477,2013,South Africa,16946,9049,7897,6501,7249,1800,4701,6655
1478,2013,South Sudan,1,0,1,0,0,0,0,0
1479,2013,Spain,57015,26141,30874,16846,21449,4692,12154,19457
1480,2013,Sri Lanka,1471,751,720,520,570,181,339,413
1481,2013,Sudan,400,151,249,123,120,31,92,106
1482,2013,Suriname,14,7,7,7,4,3,4,3
1483,2013,Svalbard and Jan Mayen,64,28,36,23,21,7,16,18
1484,2013,Sweden,30110,14103,16007,9085,11728,2375,6710,10421
1485,2013,Switzerland,31081,15952,15129,8997,13934,2018,6979,12336
1486,2013,Syrian Arab Republic,168,70,98,52,53,17,35,44
1487,2013,"Taiwan, Province of China",37150,9722,27428,7553,6791,2931,4622,6228
1488,2013,Tajikistan,52,14,38,12,6,8,4,6
1489,2013,"Tanzania, United Republic of",627,372,255,317,326,46,271,292
1490,2013,Thailand,8749,2971,5778,2391,2137,834,1557,1823
1491,2013,Togo,54,18,36,13,18,0,13,17
1492,2013,Trinidad and Tobago,32,13,19,9,11,2,7,11
1493,2013,Tunisia,2384,541,1843,321,404,137,184,382
1494,2013,Turkey,25204,9049,16155,6642,6218,2831,3811,5554
1495,2013,Uganda,920,641,279,490,560,81,409,488
1496,2013,Ukraine,3665,1053,2612,782,632,421,361,510
1497,2013,United Arab Emirates,2038,537,1501,365,399,138,227,344
1498,2013,United Kingdom of Great Britain and Northern Ireland,167264,73827,93437,45639,60585,13242,32397,52408
1499,2013,United States of America,593167,253717,339450,143192,212054,41663,101529,195213
1500,2013,Uruguay,187,96,91,77,76,20,57,59
1501,2013,Uzbekistan,135,44,91,28,36,8,20,34
1502,2013,Venezuela (Bolivarian Republic of),855,463,392,402,296,167,235,250
1503,2013,Viet Nam,1606,466,1140,348,312,154,194,275
1504,2013,Virgin Islands (British),19,1,18,1,0,1,0,0
1505,2013,Yemen,404,81,323,57,59,22,35,56
1506,2013,Zambia,210,144,66,106,133,11,95,122
1507,2013,Zimbabwe,869,211,658,158,152,59,99,132
1508,2013,Åland Islands,1,1,0,0,1,0,0,1
1509,2012,,23324,10322,13002,6551,8524,1798,4753,7706
1510,2012,Afghanistan,10,7,3,7,4,3,4,4
1511,2012,Albania,149,56,93,48,35,21,27,31
1512,2012,Algeria,561,161,400,121,88,73,48,84
1513,2012,Antigua and Barbuda,200,91,109,76,67,24,52,65
1514,2012,Argentina,6603,2910,3693,2186,2217,693,1493,1884
1515,2012,Armenia,396,158,238,102,121,37,65,91
1516,2012,Australia,66810,24946,41864,15649,19578,5368,10281,18098
1517,2012,Austria,14192,5633,8559,3850,4496,1137,2713,3576
1518,2012,Azerbaijan,378,141,237,130,127,14,116,41
1519,2012,Bahamas,16,6,10,6,4,2,4,4
1520,2012,Bahrain,178,59,119,47,43,16,31,40
1521,2012,Bangladesh,3085,1681,1404,1490,1288,393,1097,1204
1522,2012,Belarus,794,182,612,142,153,29,113,65
1523,2012,Belgium,21510,9161,12349,5399,7500,1661,3738,6808
1524,2012,Belize,1,0,1,0,0,0,0,0
1525,2012,Benin,539,308,231,251,261,47,204,243
1526,2012,Bermuda,43,23,20,20,18,5,15,18
1527,2012,Bhutan,4,2,2,2,1,1,1,1
1528,2012,Bolivia (Plurinational State of),67,29,38,23,19,10,13,18
1529,2012,Bosnia and Herzegovina,570,263,307,162,187,76,86,176
1530,2012,Botswana,254,101,153,75,72,29,46,60
1531,2012,Brazil,53368,33821,19547,30422,21471,12350,18072,19252
1532,2012,Brunei Darussalam,124,37,87,31,32,5,26,28
1533,2012,Bulgaria,1920,704,1216,510,464,240,270,366
1534,2012,Burkina Faso,125,62,63,50,51,11,39,47
1535,2012,Burundi,4,3,1,3,3,0,3,2
1536,2012,Cambodia,405,131,274,101,91,40,61,80
1537,2012,Cameroon,283,127,156,105,104,23,82,100
1538,2012,Canada,80059,29570,50489,19930,22435,7135,12795,20635
1539,2012,Cayman Islands,5,1,4,1,1,0,1,1
1540,2012,Chad,8,3,5,1,3,0,1,3
1541,2012,Chile,6020,4113,1907,3172,2761,1352,1820,2019
1542,2012,China,250021,50565,199456,38135,33994,16571,21564,31663
1543,2012,Colombia,5131,2928,2203,2526,1969,959,1567,1656
1544,2012,Congo,3,3,0,3,2,1,2,2
1545,2012,"Congo, Democratic Republic of the",104,50,54,45,41,9,36,38
1546,2012,Costa Rica,598,432,166,381,345,87,294,270
1547,2012,Croatia,2190,1027,1163,737,858,169,568,731
1548,2012,Cuba,452,221,231,185,162,59,126,148
1549,2012,Cyprus,1525,546,979,299,458,88,211,340
1550,2012,Czechia,8946,3309,5637,2429,2496,813,1616,2070
1551,2012,Côte d'Ivoire,23,13,10,9,12,1,8,12
1552,2012,Denmark,17166,7512,9654,4652,6121,1391,3261,5526
1553,2012,Dominican Republic,26,15,11,4,15,0,4,14
1554,2012,Ecuador,322,194,128,160,141,53,107,105
1555,2012,Egypt,8202,2837,5365,2395,1500,1337,1058,1323
1556,2012,El Salvador,171,162,9,158,71,91,67,69
1557,2012,Eritrea,2,2,0,2,0,2,0,0
1558,2012,Estonia,2289,914,1375,687,638,276,411,512
1559,2012,Eswatini,27,16,11,10,15,1,9,13
1560,2012,Ethiopia,686,313,373,252,261,52,200,244
1561,2012,Faroe Islands,9,4,5,2,3,1,1,3
1562,2012,Fiji,151,42,109,27,31,11,16,29
1563,2012,Finland,13217,5006,8211,3432,3987,1019,2413,3530
1564,2012,France,59452,25515,33937,14587,21150,4365,10222,19649
1565,2012,French Polynesia,20,9,11,5,7,2,3,7
1566,2012,Gabon,73,29,44,22,21,8,14,18
1567,2012,Gambia,7,3,4,3,3,0,3,2
1568,2012,Georgia,482,274,208,235,248,26,209,86
1569,2012,Germany,103808,39420,64388,25259,31416,8004,17255,28388
1570,2012,Ghana,1079,413,666,346,306,107,239,265
1571,2012,Gibraltar,3,1,2,1,1,0,1,1
1572,2012,Greece,11727,3822,7905,2648,2894,928,1720,2443
1573,2012,Greenland,6,4,2,4,4,0,4,4
1574,2012,Grenada,134,45,89,33,29,16,17,24
1575,2012,Guadeloupe,8,1,7,0,1,0,0,1
1576,2012,Guatemala,81,39,42,35,26,13,22,25
1577,2012,Guinea-Bissau,18,12,6,11,11,1,10,11
1578,2012,Guyana,13,11,2,8,6,5,3,5
1579,2012,Hungary,7258,2882,4376,1733,2371,511,1222,2072
1580,2012,Iceland,940,429,511,241,368,61,180,340
1581,2012,India,59068,16586,42482,11500,11922,4664,6836,10785
1582,2012,Indonesia,3932,2733,1199,2546,1166,1567,979,981
1583,2012,Iran (Islamic Republic of),26385,7736,18649,6006,4927,2809,3197,4291
1584,2012,Iraq,811,315,496,236,208,107,129,188
1585,2012,Ireland,10141,4321,5820,2246,3689,632,1614,3383
1586,2012,Israel,15395,5863,9532,3620,4689,1174,2446,4226
1587,2012,Italy,55595,21076,34519,13448,17026,4050,9398,15232
1588,2012,Jamaica,570,252,318,156,199,53,103,189
1589,2012,Japan,98613,37549,61064,29385,24652,12897,16488,22453
1590,2012,Jersey,22,5,17,5,3,2,3,3
1591,2012,Jordan,1864,635,1229,482,436,199,283,344
1592,2012,Kazakhstan,327,143,184,91,78,65,26,74
1593,2012,Kenya,1226,688,538,503,610,78,425,549
1594,2012,Korea (Democratic People's Republic of),9,2,7,1,2,0,1,1
1595,2012,"Korea, Republic of",66236,24385,41851,18155,17820,6565,11590,16441
1596,2012,Kuwait,751,230,521,186,156,74,112,143
1597,2012,Kyrgyzstan,31,15,16,11,12,3,8,12
1598,2012,Lao People's Democratic Republic,63,36,27,31,23,13,18,19
1599,2012,Latvia,1290,367,923,229,249,118,111,235
1600,2012,Lebanon,1385,413,972,279,313,100,179,286
1601,2012,Lesotho,24,5,19,4,2,3,1,2
1602,2012,Liberia,3,2,1,1,2,0,1,2
1603,2012,Libya,70,23,47,20,18,5,15,17
1604,2012,Liechtenstein,33,4,29,2,3,1,1,3
1605,2012,Lithuania,2281,1232,1049,900,756,476,424,651
1606,2012,Luxembourg,818,396,422,146,365,31,115,345
1607,2012,Macao,700,158,542,108,117,41,67,110
1608,2012,Madagascar,13,6,7,4,5,1,3,5
1609,2012,Malawi,231,142,89,101,129,13,88,122
1610,2012,Malaysia,16209,6445,9764,5057,4010,2435,2622,3673
1611,2012,Mali,256,218,38,75,211,7,68,198
1612,2012,Malta,348,137,211,74,119,18,56,109
1613,2012,Mauritania,6,3,3,3,2,1,2,1
1614,2012,Mauritius,145,42,103,26,33,9,17,31
1615,2012,Mexico,11427,5162,6265,4058,3439,1723,2335,2963
1616,2012,"Moldova, Republic of",171,28,143,13,21,7,6,21
1617,2012,Monaco,7,1,6,1,1,0,1,1
1618,2012,Mongolia,169,42,127,36,33,9,27,20
1619,2012,Montenegro,172,86,86,69,68,18,51,56
1620,2012,Montserrat,6,1,5,0,1,0,0,1
1621,2012,Morocco,342,154,188,140,130,24,116,42
1622,2012,Mozambique,550,170,380,130,93,77,53,88
1623,2012,Myanmar,38,8,30,7,6,2,5,5
1624,2012,Namibia,97,56,41,33,54,2,31,51
1625,2012,Nepal,675,491,184,461,382,109,352,349
1626,2012,Netherlands,41583,18333,23250,12021,15039,3294,8727,12795
1627,2012,New Caledonia,32,16,16,10,14,2,8,13
1628,2012,New Zealand,11788,3761,8027,2609,2747,1014,1595,2508
1629,2012,Nicaragua,4,3,1,2,2,1,1,1
1630,2012,Niger,6,3,3,2,3,0,2,3
1631,2012,Nigeria,3317,1714,1603,1293,1243,471,822,1082
1632,2012,North Macedonia,101,43,58,31,28,15,16,27
1633,2012,Norway,12850,5310,7540,3532,4288,1022,2510,3802
1634,2012,Oman,721,251,470,201,187,64,137,176
1635,2012,Pakistan,6767,2805,3962,2240,2106,699,1541,1852
1636,2012,"Palestine, State of",584,243,341,202,144,99,103,128
1637,2012,Panama,350,152,198,116,115,37,79,109
1638,2012,Papua New Guinea,81,47,34,42,42,5,37,42
1639,2012,Paraguay,47,20,27,19,17,3,16,8
1640,2012,Peru,1153,967,186,869,801,166,703,533
1641,2012,Philippines,1316,445,871,335,292,153,182,255
1642,2012,Poland,18263,7547,10716,5758,5221,2326,3432,4103
1643,2012,Portugal,11813,5560,6253,3309,4530,1030,2279,4080
1644,2012,Qatar,1095,288,807,192,214,74,118,203
1645,2012,Romania,3274,1132,2142,895,601,531,364,457
1646,2012,Russian Federation,25822,4636,21186,2701,3514,1122,1579,2960
1647,2012,Réunion,146,85,61,63,69,16,47,68
1648,2012,Saint Kitts and Nevis,28,7,21,6,5,2,4,5
1649,2012,Saudi Arabia,8122,3094,5028,2391,2336,758,1633,2158
1650,2012,Senegal,221,112,109,85,102,10,75,94
1651,2012,Serbia,4163,1448,2715,1129,1080,368,761,859
1652,2012,Sierra Leone,9,2,7,2,2,0,2,2
1653,2012,Singapore,13795,3868,9927,2268,3030,838,1430,2819
1654,2012,Sint Maarten (Dutch part),2,0,2,0,0,0,0,0
1655,2012,Slovakia,2519,1078,1441,886,660,418,468,467
1656,2012,Slovenia,2766,1209,1557,896,960,249,647,799
1657,2012,Somalia,1,0,1,0,0,0,0,0
1658,2012,South Africa,14952,7761,7191,5579,6239,1522,4057,5781
1659,2012,South Sudan,4,1,3,1,0,1,0,0
1660,2012,Spain,53761,23949,29812,15303,19510,4439,10864,17708
1661,2012,Sri Lanka,1134,603,531,502,405,198,304,283
1662,2012,Sudan,344,121,223,96,85,36,60,80
1663,2012,Suriname,6,3,3,2,3,0,2,3
1664,2012,Svalbard and Jan Mayen,79,37,42,25,27,10,15,22
1665,2012,Sweden,27701,12402,15299,7792,10252,2150,5642,9267
1666,2012,Switzerland,28573,14317,14256,7848,12384,1933,5915,11065
1667,2012,Syrian Arab Republic,205,99,106,79,56,43,36,53
1668,2012,"Taiwan, Province of China",34356,8705,25651,6718,5877,2828,3890,5272
1669,2012,Tajikistan,38,16,22,14,10,6,8,7
1670,2012,"Tanzania, United Republic of",560,340,220,293,303,37,256,277
1671,2012,Thailand,8177,2795,5382,2283,1827,968,1315,1643
1672,2012,Togo,60,23,37,18,15,8,10,11
1673,2012,Trinidad and Tobago,25,1,24,1,1,0,1,1
1674,2012,Tunisia,1693,386,1307,266,264,122,144,248
1675,2012,Turkey,21449,7367,14082,5307,4843,2524,2783,4319
1676,2012,Turkmenistan,1,0,1,0,0,0,0,0
1677,2012,Uganda,802,518,284,394,465,53,341,444
1678,2012,Ukraine,2960,816,2144,603,471,345,258,359
1679,2012,United Arab Emirates,1623,482,1141,332,358,124,208,318
1680,2012,United Kingdom of Great Britain and Northern Ireland,153494,62270,91224,38420,50303,11967,26453,44787
1681,2012,United States of America,564767,236049,328718,130586,197815,38234,92352,183217
1682,2012,Uruguay,171,82,89,62,52,30,32,46
1683,2012,Uzbekistan,111,33,78,23,25,8,15,24
1684,2012,Venezuela (Bolivarian Republic of),773,333,440,273,226,107,166,193
1685,2012,Viet Nam,1176,343,833,260,214,129,131,198
1686,2012,Virgin Islands (British),19,2,17,0,2,0,0,2
1687,2012,Yemen,314,84,230,64,68,16,48,64
1688,2012,Zambia,204,134,70,104,119,15,89,115
1689,2012,Zimbabwe,549,177,372,129,141,36,93,125
1690,2012,Åland Islands,2,0,2,0,0,0,0,0
1691,2011,,21594,9111,12483,5395,7593,1518,3877,7015
1692,2011,Afghanistan,3,0,3,0,0,0,0,0
1693,2011,Albania,99,30,69,20,19,11,9,19
1694,2011,Algeria,457,91,366,51,64,27,24,60
1695,2011,Antigua and Barbuda,135,64,71,55,50,14,41,43
1696,2011,Argentina,6054,2456,3598,1795,1855,601,1194,1620
1697,2011,Armenia,361,135,226,68,128,7,61,85
1698,2011,Aruba,1,0,1,0,0,0,0,0
1699,2011,Australia,59924,20393,39531,12186,15982,4411,7775,14960
1700,2011,Austria,13365,4728,8637,3014,3777,951,2063,3111
1701,2011,Azerbaijan,308,81,227,72,67,14,58,41
1702,2011,Bahamas,16,10,6,10,7,3,7,7
1703,2011,Bahrain,189,68,121,43,46,22,21,43
1704,2011,Bangladesh,1714,683,1031,538,526,157,381,478
1705,2011,Belarus,691,119,572,77,103,16,61,59
1706,2011,Belgium,19669,8127,11542,4444,6818,1309,3135,6312
1707,2011,Belize,2,0,2,0,0,0,0,0
1708,2011,Benin,481,256,225,197,231,25,172,215
1709,2011,Bermuda,41,13,28,9,10,3,6,10
1710,2011,Bhutan,2,1,1,1,1,0,1,1
1711,2011,Bolivia (Plurinational State of),69,29,40,19,21,8,11,17
1712,2011,Bosnia and Herzegovina,383,141,242,101,100,41,60,93
1713,2011,Botswana,244,84,160,68,58,26,42,53
1714,2011,Brazil,46963,28837,18126,25703,18673,10164,15539,16845
1715,2011,Brunei Darussalam,73,19,54,14,13,6,8,13
1716,2011,Bulgaria,1763,529,1234,357,369,160,197,299
1717,2011,Burkina Faso,93,35,58,30,18,17,13,15
1718,2011,Burundi,5,1,4,1,1,0,1,1
1719,2011,Cabo Verde,2,1,1,0,1,0,0,1
1720,2011,Cambodia,361,117,244,88,86,31,57,82
1721,2011,Cameroon,257,93,164,71,75,18,53,70
1722,2011,Canada,75588,26323,49265,17022,19836,6487,10535,18498
1723,2011,Cayman Islands,13,3,10,3,1,2,1,1
1724,2011,Chad,8,2,6,2,2,0,2,1
1725,2011,Chile,5773,3859,1914,2986,2439,1420,1566,1798
1726,2011,China,248323,37290,211033,26596,25028,12262,14334,23385
1727,2011,Colombia,4623,2620,2003,2224,1858,762,1462,1574
1728,2011,Congo,1,0,1,0,0,0,0,0
1729,2011,"Congo, Democratic Republic of the",54,22,32,15,21,1,14,21
1730,2011,Costa Rica,1236,1079,157,1038,615,464,574,565
1731,2011,Croatia,1905,747,1158,499,624,123,376,552
1732,2011,Cuba,446,209,237,164,149,60,104,141
1733,2011,Cyprus,1238,436,802,253,339,97,156,256
1734,2011,Czechia,8089,2584,5505,1694,1968,616,1078,1698
1735,2011,Côte d'Ivoire,21,14,7,4,13,1,3,13
1736,2011,Denmark,15269,6178,9091,3689,5023,1155,2534,4643
1737,2011,Dominican Republic,20,18,2,9,14,4,5,13
1738,2011,Ecuador,253,143,110,107,111,32,75,77
1739,2011,Egypt,6868,2079,4789,1693,1178,901,792,1060
1740,2011,El Salvador,181,171,10,168,94,77,91,91
1741,2011,Eritrea,4,1,3,1,1,0,1,1
1742,2011,Estonia,1868,660,1208,467,476,184,283,409
1743,2011,Eswatini,32,8,24,3,6,2,1,6
1744,2011,Ethiopia,590,277,313,228,236,41,187,221
1745,2011,Faroe Islands,5,4,1,4,2,2,2,2
1746,2011,Fiji,90,22,68,11,21,1,10,20
1747,2011,Finland,12246,4361,7885,2793,3436,925,1868,3131
1748,2011,France,54051,22467,31584,11855,18978,3489,8366,17748
1749,2011,French Polynesia,19,9,10,6,7,2,4,6
1750,2011,Gabon,135,42,93,39,37,5,34,31
1751,2011,Gambia,10,5,5,4,4,1,3,4
1752,2011,Georgia,312,146,166,117,125,21,96,54
1753,2011,Germany,95367,34030,61337,20351,27674,6356,13995,25283
1754,2011,Ghana,893,325,568,271,261,64,207,246
1755,2011,Gibraltar,8,3,5,2,3,0,2,3
1756,2011,Greece,11163,3325,7838,2172,2561,764,1408,2227
1757,2011,Greenland,1,1,0,1,1,0,1,1
1758,2011,Grenada,141,49,92,30,37,12,18,35
1759,2011,Guadeloupe,6,1,5,1,0,1,0,0
1760,2011,Guatemala,68,29,39,24,22,7,17,19
1761,2011,Guinea,2,0,2,0,0,0,0,0
1762,2011,Guinea-Bissau,19,13,6,12,11,2,10,11
1763,2011,Guyana,13,2,11,2,1,1,1,0
1764,2011,Hungary,6696,2481,4215,1314,2026,455,859,1830
1765,2011,Iceland,858,327,531,202,268,59,143,242
1766,2011,India,50386,12463,37923,8066,9669,2794,5272,8891
1767,2011,Indonesia,3096,2012,1084,1852,865,1147,705,701
1768,2011,Iran (Islamic Republic of),23232,5324,17908,4083,3185,2139,1944,2897
1769,2011,Iraq,515,138,377,91,87,51,40,79
1770,2011,Ireland,10086,4204,5882,2028,3643,561,1467,3393
1771,2011,Israel,14581,5193,9388,2979,4218,975,2004,3857
1772,2011,Italy,51193,17784,33409,10561,14530,3254,7307,13237
1773,2011,Jamaica,527,181,346,128,149,32,96,136
1774,2011,Japan,97236,33788,63448,25269,22023,11765,13504,20500
1775,2011,Jersey,17,8,9,7,4,4,3,3
1776,2011,Jordan,1566,443,1123,321,319,124,197,253
1777,2011,Kazakhstan,155,49,106,27,33,16,11,28
1778,2011,Kenya,1164,612,552,426,532,80,346,494
1779,2011,Korea (Democratic People's Republic of),9,3,6,2,2,1,1,1
1780,2011,"Korea, Republic of",58831,19060,39771,13406,14164,4896,8510,13163
1781,2011,Kuwait,716,226,490,190,126,100,90,118
1782,2011,Kyrgyzstan,26,6,20,6,1,5,1,1
1783,2011,Lao People's Democratic Republic,65,36,29,31,27,9,22,25
1784,2011,Latvia,1175,263,912,163,158,105,58,155
1785,2011,Lebanon,1148,290,858,204,217,73,131,194
1786,2011,Lesotho,21,5,16,4,3,2,2,3
1787,2011,Liberia,4,3,1,3,2,1,2,1
1788,2011,Libya,32,13,19,9,11,2,7,10
1789,2011,Liechtenstein,31,5,26,3,3,2,1,2
1790,2011,Lithuania,1726,945,781,726,504,441,285,450
1791,2011,Luxembourg,740,301,439,129,255,46,83,240
1792,2011,Macao,554,85,469,47,68,17,30,64
1793,2011,Madagascar,16,5,11,3,5,0,3,5
1794,2011,Malawi,198,123,75,88,116,7,81,112
1795,2011,Malaysia,12559,4339,8220,2981,3201,1138,1843,2931
1796,2011,Maldives,6,5,1,3,5,0,3,5
1797,2011,Mali,220,190,30,62,184,6,56,176
1798,2011,Malta,236,84,152,43,74,10,33,68
1799,2011,Mauritania,14,7,7,6,7,0,6,7
1800,2011,Mauritius,73,12,61,10,8,4,6,8
1801,2011,Mexico,9749,3980,5769,2970,2715,1265,1705,2398
1802,2011,"Moldova, Republic of",175,21,154,6,16,5,1,15
1803,2011,Monaco,8,4,4,0,4,0,0,4
1804,2011,Mongolia,126,38,88,31,26,12,19,15
1805,2011,Montenegro,160,68,92,42,58,10,32,49
1806,2011,Montserrat,5,2,3,1,2,0,1,2
1807,2011,Morocco,179,59,120,46,53,6,40,23
1808,2011,Mozambique,585,160,425,121,90,70,51,86
1809,2011,Myanmar,39,9,30,7,8,1,6,8
1810,2011,Namibia,69,39,30,33,31,8,25,26
1811,2011,Nepal,278,154,124,131,126,28,103,118
1812,2011,Netherlands,38624,16974,21650,10710,14176,2798,7912,11585
1813,2011,New Caledonia,22,8,14,6,5,3,3,5
1814,2011,New Zealand,11446,3425,8021,2186,2557,868,1318,2385
1815,2011,Nicaragua,9,3,6,2,3,0,2,3
1816,2011,Niger,5,4,1,4,4,0,4,3
1817,2011,Nigeria,2964,1384,1580,1038,1033,351,687,907
1818,2011,North Macedonia,60,20,40,11,12,8,3,11
1819,2011,Norway,11609,4607,7002,3049,3675,932,2117,3225
1820,2011,Oman,556,178,378,130,127,51,79,116
1821,2011,Pakistan,5816,2100,3716,1646,1650,450,1196,1466
1822,2011,"Palestine, State of",381,142,239,112,102,40,72,85
1823,2011,Panama,281,131,150,86,104,27,59,101
1824,2011,Papua New Guinea,81,42,39,35,36,6,29,33
1825,2011,Paraguay,31,18,13,14,14,4,10,12
1826,2011,Peru,829,618,211,542,464,154,388,358
1827,2011,Philippines,953,301,652,200,211,90,110,189
1828,2011,Poland,15374,5495,9879,3905,3746,1749,2156,3023
1829,2011,Portugal,9671,4136,5535,2086,3485,651,1435,3332
1830,2011,Qatar,625,133,492,72,104,29,43,103
1831,2011,Romania,2436,654,1782,423,434,220,203,384
1832,2011,Russian Federation,25680,3818,21862,1946,3034,784,1162,2692
1833,2011,Réunion,136,73,63,53,60,13,40,58
1834,2011,Saint Kitts and Nevis,10,6,4,6,4,2,4,4
1835,2011,Saint Vincent and the Grenadines,1,1,0,1,0,1,0,0
1836,2011,Samoa,2,0,2,0,0,0,0,0
1837,2011,Saudi Arabia,5976,1962,4014,1514,1465,497,1017,1382
1838,2011,Senegal,173,79,94,58,68,11,47,66
1839,2011,Serbia,3134,945,2189,695,710,235,460,608
1840,2011,Sierra Leone,7,1,6,1,1,0,1,1
1841,2011,Singapore,12442,3053,9389,1686,2438,615,1071,2311
1842,2011,Sint Maarten (Dutch part),2,2,0,2,2,0,2,2
1843,2011,Slovakia,1973,675,1298,490,469,206,284,369
1844,2011,Slovenia,2550,892,1658,593,690,202,391,612
1845,2011,South Africa,12523,5953,6570,4116,4843,1110,3006,4496
1846,2011,South Sudan,6,4,2,3,2,2,1,2
1847,2011,Spain,49160,20372,28788,11893,16843,3529,8364,15591
1848,2011,Sri Lanka,1107,664,443,581,449,215,366,256
1849,2011,Sudan,258,113,145,97,95,18,79,90
1850,2011,Suriname,4,2,2,2,1,1,1,1
1851,2011,Svalbard and Jan Mayen,59,29,30,24,23,6,18,21
1852,2011,Sweden,25229,10578,14651,6173,8864,1714,4459,8126
1853,2011,Switzerland,25924,12284,13640,6179,10836,1448,4731,9914
1854,2011,Syrian Arab Republic,143,51,92,40,29,22,18,27
1855,2011,"Taiwan, Province of China",34187,6821,27366,4896,4636,2185,2711,4261
1856,2011,Tajikistan,27,9,18,7,4,5,2,4
1857,2011,"Tanzania, United Republic of",487,253,234,203,230,23,180,214
1858,2011,Thailand,6860,1872,4988,1488,1250,622,866,1138
1859,2011,Togo,46,18,28,15,9,9,6,7
1860,2011,Trinidad and Tobago,35,5,30,4,2,3,1,2
1861,2011,Tunisia,1299,266,1033,184,193,73,111,175
1862,2011,Turkey,19444,5576,13868,3853,3734,1842,2011,3355
1863,2011,Turkmenistan,1,0,1,0,0,0,0,0
1864,2011,Uganda,703,449,254,333,402,47,286,376
1865,2011,Ukraine,2854,520,2334,334,343,177,157,290
1866,2011,United Arab Emirates,1446,387,1059,264,289,98,166,264
1867,2011,United Kingdom of Great Britain and Northern Ireland,142199,54738,87461,31850,44311,10427,21423,40435
1868,2011,United States of America,535382,216055,319327,111714,182442,33613,78101,171028
1869,2011,Uruguay,169,69,100,52,50,19,33,41
1870,2011,Uzbekistan,138,29,109,17,27,2,15,26
1871,2011,Venezuela (Bolivarian Republic of),901,471,430,406,226,245,161,185
1872,2011,Viet Nam,947,231,716,168,146,85,83,133
1873,2011,Virgin Islands (British),14,3,11,0,3,0,0,3
1874,2011,Yemen,268,53,215,40,36,17,23,33
1875,2011,Zambia,175,110,65,83,97,13,70,91
1876,2011,Zimbabwe,438,128,310,94,105,23,71,101
1877,2011,Åland Islands,2,2,0,0,2,0,0,2
